xof 0303txt 0032
template AnimTicksPerSecond {
 <9e415a43-7ba6-4a73-8743-b73d47e88476>
 DWORD AnimTicksPerSecond;
}

template Frame {
 <3d82ab46-62da-11cf-ab39-0020af71e433>
 [...]
}

template Matrix4x4 {
 <f6f23f45-7686-11cf-8f52-0040333594a3>
 array FLOAT matrix[16];
}

template FrameTransformMatrix {
 <f6f23f41-7686-11cf-8f52-0040333594a3>
 Matrix4x4 frameMatrix;
}

template Vector {
 <3d82ab5e-62da-11cf-ab39-0020af71e433>
 FLOAT x;
 FLOAT y;
 FLOAT z;
}

template MeshFace {
 <3d82ab5f-62da-11cf-ab39-0020af71e433>
 DWORD nFaceVertexIndices;
 array DWORD faceVertexIndices[nFaceVertexIndices];
}

template Mesh {
 <3d82ab44-62da-11cf-ab39-0020af71e433>
 DWORD nVertices;
 array Vector vertices[nVertices];
 DWORD nFaces;
 array MeshFace faces[nFaces];
 [...]
}

template MeshNormals {
 <f6f23f43-7686-11cf-8f52-0040333594a3>
 DWORD nNormals;
 array Vector normals[nNormals];
 DWORD nFaceNormals;
 array MeshFace faceNormals[nFaceNormals];
}

template Coords2d {
 <f6f23f44-7686-11cf-8f52-0040333594a3>
 FLOAT u;
 FLOAT v;
}

template MeshTextureCoords {
 <f6f23f40-7686-11cf-8f52-0040333594a3>
 DWORD nTextureCoords;
 array Coords2d textureCoords[nTextureCoords];
}

template ColorRGBA {
 <35ff44e0-6c7c-11cf-8f52-0040333594a3>
 FLOAT red;
 FLOAT green;
 FLOAT blue;
 FLOAT alpha;
}

template ColorRGB {
 <d3e16e81-7835-11cf-8f52-0040333594a3>
 FLOAT red;
 FLOAT green;
 FLOAT blue;
}

template Material {
 <3d82ab4d-62da-11cf-ab39-0020af71e433>
 ColorRGBA faceColor;
 FLOAT power;
 ColorRGB specularColor;
 ColorRGB emissiveColor;
 [...]
}

template MeshMaterialList {
 <f6f23f42-7686-11cf-8f52-0040333594a3>
 DWORD nMaterials;
 DWORD nFaceIndexes;
 array DWORD faceIndexes[nFaceIndexes];
 [Material <3d82ab4d-62da-11cf-ab39-0020af71e433>]
}

template TextureFilename {
 <a42790e1-7810-11cf-8f52-0040333594a3>
 STRING filename;
}

template VertexDuplicationIndices {
 <b8d65549-d7c9-4995-89cf-53a9a8b031e3>
 DWORD nIndices;
 DWORD nOriginalVertices;
 array DWORD indices[nIndices];
}

template XSkinMeshHeader {
 <3cf169ce-ff7c-44ab-93c0-f78f62d172e2>
 WORD nMaxSkinWeightsPerVertex;
 WORD nMaxSkinWeightsPerFace;
 WORD nBones;
}

template SkinWeights {
 <6f0d123b-bad2-4167-a0d0-80224f25fabb>
 STRING transformNodeName;
 DWORD nWeights;
 array DWORD vertexIndices[nWeights];
 array FLOAT weights[nWeights];
 Matrix4x4 matrixOffset;
}

template Animation {
 <3d82ab4f-62da-11cf-ab39-0020af71e433>
 [...]
}

template AnimationSet {
 <3d82ab50-62da-11cf-ab39-0020af71e433>
 [Animation <3d82ab4f-62da-11cf-ab39-0020af71e433>]
}

template FloatKeys {
 <10dd46a9-775b-11cf-8f52-0040333594a3>
 DWORD nValues;
 array FLOAT values[nValues];
}

template TimedFloatKeys {
 <f406b180-7b3b-11cf-8f52-0040333594a3>
 DWORD time;
 FloatKeys tfkeys;
}

template AnimationKey {
 <10dd46a8-775b-11cf-8f52-0040333594a3>
 DWORD keyType;
 DWORD nKeys;
 array TimedFloatKeys keys[nKeys];
}


AnimTicksPerSecond {
 4800;
}

Frame {
 

 FrameTransformMatrix {
  1.000000,0.000000,0.000000,0.000000,0.000000,1.000000,0.000000,0.000000,0.000000,0.000000,1.000000,0.000000,0.000000,0.000000,0.000000,1.000000;;
 }

 Frame Dummy002 {
  

  FrameTransformMatrix {
   0.515038,0.000000,-0.857167,0.000000,0.007692,0.999960,0.004622,0.000000,0.857133,-0.008973,0.515017,0.000000,0.000000,3.467306,-0.000000,1.000000;;
  }

  Frame Bip001 {
   

   FrameTransformMatrix {
    -0.026176,0.000000,-0.999658,0.000000,0.000000,1.000000,0.000000,0.000000,0.999658,-0.000000,-0.026176,0.000000,0.000000,-0.002066,0.000000,1.000000;;
   }

   Frame Bip001_Pelvis {
    

    FrameTransformMatrix {
     0.000000,1.000000,-0.000001,0.000000,-0.000001,0.000001,1.000000,0.000000,1.000000,-0.000000,0.000001,0.000000,0.000000,0.000000,0.000000,1.000000;;
    }

    Frame Bip001_Spine {
     

     FrameTransformMatrix {
      0.999067,0.000001,0.043198,0.000000,-0.000002,1.000000,0.000004,0.000000,-0.043198,-0.000004,0.999067,0.000000,0.488379,0.000001,-0.000845,1.000000;;
     }

     Frame Bip001_L_Thigh {
      

      FrameTransformMatrix {
       -0.869808,0.303662,0.388874,0.000000,-0.323549,-0.946091,0.015084,0.000000,0.372491,-0.112700,0.921168,0.000000,-0.487887,0.564582,0.021940,1.000000;;
      }

      Frame Bip001_L_Calf {
       

       FrameTransformMatrix {
        0.584014,0.000000,-0.811744,0.000000,0.000000,1.000000,0.000000,0.000000,0.811744,-0.000000,0.584014,0.000000,1.691852,0.000000,-0.000000,1.000000;;
       }

       Frame Bip001_L_Foot {
        

        FrameTransformMatrix {
         0.788773,0.324506,0.522047,0.000000,-0.369818,0.928917,-0.018652,0.000000,-0.490991,-0.178350,0.852713,0.000000,1.729496,-0.000000,0.000000,1.000000;;
        }

        Frame Bip001_L_Toe0 {
         

         FrameTransformMatrix {
          0.000000,-0.000000,1.000000,0.000000,0.000000,1.000000,-0.000000,0.000000,-1.000000,0.000000,0.000000,0.000000,0.595747,0.000000,1.308489,1.000000;;
         }
        }
       }
      }

      Frame Bip001_LCalfTwist {
       

       FrameTransformMatrix {
        0.584014,0.000000,-0.811744,0.000000,-0.005432,0.999978,-0.003908,0.000000,0.811726,0.006692,0.584001,0.000000,1.691852,0.000000,-0.000000,1.000000;;
       }

       Frame Bip001_LCalfTwist1 {
        

        FrameTransformMatrix {
         1.000000,0.000000,0.000000,0.000000,0.000000,0.999978,-0.006692,0.000000,-0.000000,0.006692,0.999978,0.000000,0.864748,-0.000000,0.000000,1.000000;;
        }
       }
      }
     }

     Frame Bip001_R_Thigh {
      

      FrameTransformMatrix {
       -0.921513,-0.387247,0.029218,0.000000,0.385317,-0.921110,-0.055560,0.000000,0.048429,-0.039941,0.998028,0.000000,-0.487887,-0.564582,0.021944,1.000000;;
      }

      Frame Bip001_R_Calf {
       

       FrameTransformMatrix {
        0.803096,0.000000,-0.595849,0.000000,-0.000000,1.000000,0.000000,0.000000,0.595850,-0.000000,0.803096,0.000000,1.691852,-0.000000,0.000000,1.000000;;
       }

       Frame Bip001_R_Foot {
        

        FrameTransformMatrix {
         0.745295,-0.387990,0.542217,0.000000,0.424761,0.903152,0.062414,0.000000,-0.513921,0.183795,0.837917,0.000000,1.729496,0.000000,-0.000000,1.000000;;
        }

        Frame Bip001_R_Toe0 {
         

         FrameTransformMatrix {
          0.000000,-0.000000,1.000000,0.000000,-0.000000,1.000000,0.000000,0.000000,-1.000000,-0.000000,0.000000,0.000000,0.595747,0.000000,1.308489,1.000000;;
         }
        }
       }
      }

      Frame Bip001_RCalfTwist {
       

       FrameTransformMatrix {
        0.803096,0.000000,-0.595849,0.000000,0.013703,0.999736,0.018469,0.000000,0.595692,-0.022997,0.802884,0.000000,1.691852,-0.000000,0.000000,1.000000;;
       }

       Frame Bip001_RCalfTwist1 {
        

        FrameTransformMatrix {
         1.000000,0.000000,-0.000000,0.000000,0.000000,0.999736,0.022997,0.000000,0.000000,-0.022997,0.999736,0.000000,0.864748,0.000000,-0.000000,1.000000;;
        }
       }
      }
     }

     Frame Bip001_Spine1 {
      

      FrameTransformMatrix {
       0.956577,0.000001,0.291479,0.000000,-0.000001,1.000000,-0.000000,0.000000,-0.291479,-0.000000,0.956577,0.000000,1.063399,-0.000000,-0.001494,1.000000;;
      }

      Frame Bip001_Neck {
       

       FrameTransformMatrix {
        0.933627,-0.000001,-0.358246,0.000000,0.000001,1.000000,-0.000000,0.000000,0.358246,-0.000000,0.933627,0.000000,1.960431,0.000000,-0.000091,1.000000;;
       }

       Frame Bip001_Head {
        

        FrameTransformMatrix {
         0.999625,-0.000000,0.027399,0.000000,0.013234,0.875617,-0.482825,0.000000,-0.023991,0.483007,0.875288,0.000000,0.122378,0.000000,-0.000000,1.000000;;
        }
       }

       Frame Bip001_L_Clavicle {
        

        FrameTransformMatrix {
         -0.295424,0.948649,-0.113091,0.000000,0.885956,0.316331,0.339143,0.000000,0.357502,-0.000003,-0.933912,0.000000,-0.769691,0.380107,-0.187068,1.000000;;
        }

        Frame Bip001_L_UpperArm {
         

         FrameTransformMatrix {
          0.852050,-0.414741,0.319375,0.000000,0.366898,0.908344,0.200742,0.000000,-0.373358,-0.053864,0.926122,0.000000,0.588484,0.000000,0.000000,1.000000;;
         }

         Frame Bip001_L_Forearm {
          

          FrameTransformMatrix {
           0.804122,0.000000,-0.594464,0.000000,0.000000,1.000000,0.000000,0.000000,0.594464,0.000000,0.804123,0.000000,0.966206,0.000000,0.000000,1.000000;;
          }

          Frame Bip001_L_Hand {
           

           FrameTransformMatrix {
            0.924671,0.365033,0.108331,0.000000,-0.116649,0.000741,0.993173,0.000000,0.362460,-0.930995,0.043266,0.000000,1.108330,-0.000000,-0.000000,1.000000;;
           }
          }
         }

         Frame Bip001_L_ForeTwist {
          

          FrameTransformMatrix {
           0.804122,0.000000,-0.594464,0.000000,-0.000148,1.000000,-0.000200,0.000000,0.594464,0.000249,0.804123,0.000000,0.966206,0.000000,0.000000,1.000000;;
          }

          Frame Bip001_L_ForeTwist1 {
           

           FrameTransformMatrix {
            1.000000,0.000000,0.000000,0.000000,0.000000,1.000000,-0.000249,0.000000,-0.000000,0.000249,1.000000,0.000000,0.554165,0.000000,-0.000000,1.000000;;
           }
          }
         }
        }

        Frame Bip001_LUpArmTwist {
         

         FrameTransformMatrix {
          0.852050,-0.414741,0.319375,0.000000,0.428115,0.903201,0.030744,0.000000,-0.301211,0.110534,0.947129,0.000000,0.588484,0.000000,0.000000,1.000000;;
         }

         Frame Bip001_LUpArmTwist1 {
          

          FrameTransformMatrix {
           1.000000,0.000000,0.000000,0.000000,0.000000,0.995908,0.090379,0.000000,0.000000,-0.090379,0.995908,0.000000,0.483103,0.000000,0.000000,1.000000;;
          }
         }
        }
       }

       Frame Bip001_R_Clavicle {
        

        FrameTransformMatrix {
         -0.202088,-0.976308,-0.077357,0.000000,-0.911785,0.216388,-0.349032,0.000000,0.357502,-0.000002,-0.933912,0.000000,-0.770118,-0.358772,-0.187228,1.000000;;
        }

        Frame Bip001_R_UpperArm {
         

         FrameTransformMatrix {
          0.924663,0.300527,0.233843,0.000000,-0.296582,0.953551,-0.052728,0.000000,-0.238828,-0.020599,0.970844,0.000000,0.588484,-0.000000,0.000000,1.000000;;
         }

         Frame Bip001_R_Forearm {
          

          FrameTransformMatrix {
           0.853685,0.000000,-0.520790,0.000000,0.000000,1.000000,-0.000000,0.000000,0.520790,-0.000000,0.853685,0.000000,0.966206,0.000000,0.000000,1.000000;;
          }

          Frame Bip001_R_Hand {
           

           FrameTransformMatrix {
            0.993207,0.000000,0.116361,0.000000,0.116361,0.000796,-0.993207,0.000000,-0.000093,1.000000,0.000791,0.000000,1.108330,0.000000,0.000000,1.000000;;
           }

           Frame Bip001_R_Finger0 {
            

            FrameTransformMatrix {
             1.000000,-0.000000,0.000000,0.000000,0.000000,1.000000,-0.000796,0.000000,-0.000000,0.000796,1.000000,0.000000,1.015931,0.000000,0.000000,1.000000;;
            }
           }
          }
         }

         Frame Bip001_R_ForeTwist {
          

          FrameTransformMatrix {
           0.853685,0.000000,-0.520790,0.000000,0.000139,1.000000,0.000228,0.000000,0.520790,-0.000267,0.853685,0.000000,0.966206,0.000000,0.000000,1.000000;;
          }

          Frame Bip001_R_ForeTwist1 {
           

           FrameTransformMatrix {
            1.000000,0.000000,-0.000000,0.000000,0.000000,1.000000,0.000267,0.000000,-0.000000,-0.000267,1.000000,0.000000,0.554165,0.000000,0.000000,1.000000;;
           }
          }
         }
        }

        Frame Bip001_RUpArmTwist {
         

         FrameTransformMatrix {
          0.924663,0.300527,0.233843,0.000000,-0.327325,0.941095,0.084845,0.000000,-0.194571,-0.154995,0.968565,0.000000,0.588484,-0.000000,0.000000,1.000000;;
         }

         Frame Bip001_RUpArmTwist1 {
          

          FrameTransformMatrix {
           1.000000,0.000000,-0.000000,0.000000,-0.000000,0.997494,-0.070757,0.000000,-0.000000,0.070757,0.997494,0.000000,0.483103,0.000000,-0.000000,1.000000;;
          }
         }
        }
       }
      }
     }

     Frame Bip001_LThighTwist {
      

      FrameTransformMatrix {
       -0.869808,0.303662,0.388874,0.000000,-0.303347,-0.950736,0.063897,0.000000,0.389119,-0.062385,0.919073,0.000000,-0.487887,0.564582,0.021940,1.000000;;
      }

      Frame Bip001_LThighTwist1 {
       

       FrameTransformMatrix {
        1.000000,0.000000,0.000000,0.000000,0.000000,0.999648,-0.026516,0.000000,-0.000000,0.026516,0.999648,0.000000,0.845926,0.000000,0.000000,1.000000;;
       }
      }
     }

     Frame Bip001_RThighTwist {
      

      FrameTransformMatrix {
       -0.921513,-0.387247,0.029218,0.000000,0.385656,-0.921374,-0.048358,0.000000,0.045648,-0.033294,0.998403,0.000000,-0.487887,-0.564582,0.021944,1.000000;;
      }

      Frame Bip001_RThighTwist1 {
       

       FrameTransformMatrix {
        1.000000,0.000000,0.000000,0.000000,-0.000000,0.999994,-0.003607,0.000000,0.000000,0.003607,0.999993,0.000000,0.845926,0.000000,0.000000,1.000000;;
       }
      }
     }
    }
   }

   Frame Bip001_Prop1 {
    

    FrameTransformMatrix {
     -0.276185,-0.381960,0.881946,0.000000,0.709626,-0.699918,-0.080903,0.000000,0.648192,0.603508,0.464356,0.000000,-0.228088,1.370295,-2.799922,1.000000;;
    }
   }
  }
 }

 Frame character_07 {
  

  FrameTransformMatrix {
   5.798800,0.000000,0.000000,0.000000,0.000000,5.798800,0.000000,0.000000,0.000000,0.000000,5.798800,0.000000,0.000000,0.000000,-0.000000,1.000000;;
  }

  Mesh character_07 {
   2434;
   -0.618324;1.184382;-0.146267;,
   -0.582552;1.159609;-0.146267;,
   -0.618324;1.195384;-0.203844;,
   -0.562895;1.159609;-0.203844;,
   -0.593020;1.141275;0.112680;,
   -0.593020;1.165133;0.112680;,
   -0.618311;1.141275;0.112680;,
   -0.618311;1.176828;0.112680;,
   -0.618324;1.098169;-0.146267;,
   -0.618324;1.087166;-0.203844;,
   -0.582552;1.122942;-0.146267;,
   -0.562895;1.122942;-0.203844;,
   -0.493681;1.141275;-0.246306;,
   -0.520078;1.159843;-0.231746;,
   -0.493681;1.141275;-0.210810;,
   -0.520078;1.159843;-0.185232;,
   -0.742967;1.141275;-0.246306;,
   -0.742967;1.141275;-0.210810;,
   -0.716571;1.159843;-0.231746;,
   -0.716571;1.159843;-0.185232;,
   -0.618325;1.107257;-0.198266;,
   -0.586090;1.123086;-0.198266;,
   -0.618324;1.087166;-0.203844;,
   -0.562895;1.122942;-0.203844;,
   -0.562895;1.159609;-0.203844;,
   -0.586090;1.159454;-0.198266;,
   -0.618324;1.195384;-0.203844;,
   -0.618325;1.175283;-0.198266;,
   -0.650559;1.123086;-0.198266;,
   -0.673753;1.122942;-0.203844;,
   -0.650559;1.159454;-0.198266;,
   -0.673753;1.159609;-0.203844;,
   -0.618279;1.141269;-1.072047;,
   -0.555698;1.120288;-0.787697;,
   -0.618082;1.109847;-0.787697;,
   -0.586090;1.159454;-0.198266;,
   -0.586090;1.123086;-0.198266;,
   -0.555631;1.162240;-0.786036;,
   -0.618325;1.175283;-0.198266;,
   -0.618082;1.172709;-0.786036;,
   -0.650559;1.159454;-0.198266;,
   -0.681231;1.162475;-0.786036;,
   -0.650559;1.123086;-0.198266;,
   -0.681231;1.120055;-0.786692;,
   -0.618324;1.166708;-0.146267;,
   -0.597218;1.158343;-0.146267;,
   -0.618324;1.184382;-0.146267;,
   -0.582552;1.159609;-0.146267;,
   -0.582552;1.141275;-0.139287;,
   -0.597218;1.141275;-0.139287;,
   -0.582552;1.122942;-0.146267;,
   -0.597218;1.124209;-0.146267;,
   -0.618324;1.098169;-0.146267;,
   -0.618324;1.115843;-0.146267;,
   -0.639430;1.141275;-0.139287;,
   -0.639430;1.158343;-0.146267;,
   -0.654097;1.141275;-0.139287;,
   -0.654097;1.159609;-0.146267;,
   -0.618324;1.166708;0.078573;,
   -0.597218;1.158343;0.078573;,
   -0.597218;1.141275;0.078573;,
   -0.597218;1.124209;0.078573;,
   -0.593020;1.117418;0.112680;,
   -0.618324;1.115843;0.078573;,
   -0.618311;1.105724;0.112680;,
   -0.639430;1.141275;0.078573;,
   -0.643629;1.141275;0.112680;,
   -0.639430;1.158343;0.078573;,
   -0.643629;1.165133;0.112680;,
   -0.654097;1.122942;-0.146267;,
   -0.673753;1.122942;-0.203844;,
   -0.639430;1.124209;-0.146267;,
   -0.654097;1.122942;-0.146267;,
   -0.643629;1.117418;0.112680;,
   -0.639430;1.124209;0.078573;,
   -0.673753;1.159609;-0.203844;,
   -0.654097;1.159609;-0.146267;,
   -0.618325;1.107257;-0.198266;,
   -0.618082;1.109847;-0.787697;,
   -0.549098;1.112349;-0.160953;,
   -0.537445;1.112349;-0.219818;,
   -0.520078;1.122707;-0.185232;,
   -0.520078;1.122707;-0.231746;,
   -0.493681;1.141275;-0.210810;,
   -0.520078;1.159843;-0.185232;,
   -0.518965;1.141275;-0.184540;,
   -0.550056;1.170202;-0.160472;,
   -0.543459;1.170202;-0.215861;,
   -0.493681;1.141275;-0.246306;,
   -0.520078;1.122707;-0.231746;,
   -0.538953;1.140857;-0.217967;,
   -0.537445;1.112349;-0.219818;,
   -0.687550;1.112349;-0.160953;,
   -0.699202;1.112349;-0.219818;,
   -0.697694;1.140857;-0.217967;,
   -0.693191;1.170202;-0.215861;,
   -0.686592;1.170202;-0.160472;,
   -0.693191;1.170202;-0.215861;,
   -0.687306;1.141275;-0.152978;,
   -0.686592;1.170202;-0.160472;,
   -0.493681;1.141275;-0.210810;,
   -0.493681;1.141275;-0.246306;,
   -0.520078;1.122707;-0.185232;,
   -0.687550;1.112349;-0.160953;,
   -0.716571;1.122707;-0.185232;,
   -0.742967;1.141275;-0.210810;,
   -0.716571;1.122707;-0.231746;,
   -0.742967;1.141275;-0.246306;,
   -0.699202;1.112349;-0.219818;,
   -0.520078;1.159843;-0.231746;,
   -0.543459;1.170202;-0.215861;,
   -0.639430;1.158343;-0.146267;,
   -0.618324;1.166708;-0.146267;,
   -0.597218;1.158343;-0.146267;,
   -0.597218;1.141275;-0.139287;,
   -0.597218;1.124209;-0.146267;,
   -0.618324;1.115843;-0.146267;,
   -0.639430;1.124209;-0.146267;,
   -0.639430;1.141275;-0.139287;,
   -0.716571;1.159843;-0.185232;,
   -0.717683;1.141275;-0.184540;,
   -0.716571;1.159843;-0.231746;,
   -0.742967;1.141275;-0.246306;,
   -0.550056;1.170202;-0.160472;,
   -0.549342;1.141275;-0.152978;,
   -0.716571;1.122707;-0.231746;,
   -0.716571;1.122707;-0.185232;,
   -0.549098;1.112349;-0.160953;,
   -0.742967;1.141275;-0.210810;,
   -0.618325;1.107257;-0.198266;,
   0.168182;0.185359;0.033422;,
   0.179199;0.318800;0.039068;,
   0.156251;0.185359;0.060288;,
   0.159518;0.318800;0.070044;,
   0.138393;0.185359;0.075980;,
   0.141042;0.317902;0.088996;,
   0.120175;0.185359;0.081622;,
   0.121942;0.318800;0.097409;,
   0.105711;0.185359;0.075980;,
   0.103062;0.317902;0.088996;,
   0.087853;0.185359;0.060289;,
   0.084586;0.318800;0.070044;,
   0.075922;0.185359;0.033422;,
   0.064906;0.318800;0.039068;,
   0.071733;0.185359;0.000507;,
   0.060681;0.318800;-0.003201;,
   0.078162;0.185359;-0.027380;,
   0.069684;0.318800;-0.036745;,
   0.093333;0.185359;-0.042084;,
   0.083151;0.318800;-0.065990;,
   0.105711;0.185359;-0.057775;,
   0.102424;0.318800;-0.086572;,
   0.122052;0.185359;-0.063286;,
   0.122053;0.318800;-0.094046;,
   0.138393;0.185359;-0.057775;,
   0.141680;0.318800;-0.086572;,
   0.150771;0.185359;-0.042084;,
   0.160953;0.318800;-0.065990;,
   0.165942;0.185359;-0.027379;,
   0.174420;0.318800;-0.036745;,
   0.172370;0.185359;0.000507;,
   0.183423;0.318800;-0.003201;,
   0.167213;0.000512;0.066370;,
   0.122052;0.000512;-0.029475;,
   0.185829;0.000512;0.021674;,
   0.146291;0.000512;0.087236;,
   0.122052;0.000512;0.099544;,
   0.097814;0.000512;0.087235;,
   0.076891;0.000512;0.066369;,
   0.058275;0.000512;0.021674;,
   0.052713;0.000512;-0.029475;,
   0.058275;0.000512;-0.091341;,
   0.074112;0.000512;-0.143790;,
   0.097813;0.000512;-0.178834;,
   0.122052;0.000512;-0.191140;,
   0.146290;0.000512;-0.178836;,
   0.169992;0.000512;-0.143792;,
   0.185829;0.000512;-0.091341;,
   0.191391;0.000512;-0.029475;,
   0.179199;0.318800;0.039068;,
   0.122052;0.318800;0.001894;,
   0.159518;0.318800;0.070044;,
   0.141042;0.317902;0.088996;,
   0.121942;0.318800;0.097409;,
   0.103062;0.317902;0.088996;,
   0.084586;0.318800;0.070044;,
   0.064906;0.318800;0.039068;,
   0.060681;0.318800;-0.003201;,
   0.069684;0.318800;-0.036745;,
   0.083151;0.318800;-0.065990;,
   0.102424;0.318800;-0.086572;,
   0.122053;0.318800;-0.094046;,
   0.141680;0.318800;-0.086572;,
   0.160953;0.318800;-0.065990;,
   0.174420;0.318800;-0.036745;,
   0.183423;0.318800;-0.003201;,
   0.164175;0.105474;0.030511;,
   0.152408;0.106345;0.054803;,
   0.138966;0.104998;0.072459;,
   0.122052;0.104397;0.078516;,
   0.105138;0.104998;0.072459;,
   0.091696;0.106345;0.054803;,
   0.079928;0.105474;0.030511;,
   0.076234;0.107837;0.000463;,
   0.081623;0.109364;-0.028294;,
   0.095674;0.105077;-0.048183;,
   0.107292;0.102568;-0.060346;,
   0.122052;0.100726;-0.067596;,
   0.136812;0.102568;-0.060346;,
   0.148430;0.105077;-0.048183;,
   0.162481;0.109364;-0.028294;,
   0.167870;0.107837;0.000463;,
   0.169111;0.046802;0.069694;,
   0.167213;0.000512;0.066370;,
   0.184944;0.045224;0.025519;,
   0.185829;0.000512;0.021674;,
   0.149183;0.042907;0.088161;,
   0.146291;0.000512;0.087236;,
   0.122052;0.045726;0.101224;,
   0.122052;0.000512;0.099544;,
   0.094920;0.042907;0.088160;,
   0.097814;0.000512;0.087235;,
   0.074993;0.046802;0.069695;,
   0.076891;0.000512;0.066369;,
   0.059160;0.045224;0.025519;,
   0.058275;0.000512;0.021674;,
   0.053058;0.045285;-0.019112;,
   0.052713;0.000512;-0.029475;,
   0.058074;0.046642;-0.077555;,
   0.058275;0.000512;-0.091341;,
   0.073461;0.047328;-0.123670;,
   0.074112;0.000512;-0.143790;,
   0.095219;0.053095;-0.159635;,
   0.097813;0.000512;-0.178834;,
   0.122052;0.054490;-0.173857;,
   0.122052;0.000512;-0.191140;,
   0.148885;0.053095;-0.159635;,
   0.146290;0.000512;-0.178836;,
   0.170643;0.047328;-0.123669;,
   0.169992;0.000512;-0.143792;,
   0.186030;0.046642;-0.077555;,
   0.185829;0.000512;-0.091341;,
   0.191046;0.045285;-0.019113;,
   0.191391;0.000512;-0.029475;,
   -0.226427;0.639227;0.061664;,
   -0.246711;0.581489;0.072968;,
   -0.219477;0.599867;0.115012;,
   -0.108298;0.581490;0.242235;,
   -0.047490;0.596276;0.243673;,
   -0.092756;0.639227;0.194568;,
   -0.203056;0.639227;-0.106927;,
   -0.246226;0.592768;-0.129324;,
   -0.247072;0.604510;-0.081219;,
   -0.195721;0.581490;0.160298;,
   -0.151426;0.596276;0.190938;,
   -0.163886;0.639227;0.139778;,
   -0.088175;0.639227;-0.234794;,
   -0.119863;0.575213;-0.269573;,
   -0.156091;0.591058;-0.234176;,
   -0.193751;0.579993;-0.201111;,
   -0.217725;0.598704;-0.166011;,
   -0.165020;0.639227;-0.172601;,
   -0.232575;0.639227;-0.026428;,
   -0.249978;0.581490;-0.032740;,
   -0.246777;0.600031;0.020015;,
   -0.231067;0.499859;-0.204291;,
   -0.274911;0.514221;-0.099114;,
   -0.283761;0.501238;0.008280;,
   -0.255372;0.514221;0.130881;,
   -0.187058;0.501238;0.218256;,
   -0.042108;0.499859;-0.333210;,
   -0.062765;0.593530;-0.274680;,
   0.000000;0.568625;-0.306277;,
   -0.157003;0.514221;-0.273279;,
   0.000000;0.511176;-0.333686;,
   -0.082034;0.514221;-0.323188;,
   -0.118101;0.499859;-0.304338;,
   -0.188677;0.499859;-0.255096;,
   -0.214271;0.514221;-0.225136;,
   -0.252778;0.514221;-0.166885;,
   -0.272310;0.499859;-0.139157;,
   -0.281354;0.501238;-0.064271;,
   -0.282878;0.514221;-0.022878;,
   -0.281684;0.514221;0.050088;,
   -0.275466;0.501238;0.088054;,
   -0.238969;0.501238;0.160989;,
   -0.212144;0.514221;0.192771;,
   -0.155300;0.514221;0.250645;,
   -0.128242;0.501238;0.273539;,
   -0.041268;0.501238;0.311187;,
   -0.081956;0.514221;0.300770;,
   -0.000000;0.560377;0.283628;,
   0.000000;0.580401;0.269823;,
   0.000000;0.639227;0.222362;,
   0.000000;0.630954;0.229209;,
   -0.139107;0.724936;-0.143165;,
   -0.175482;0.724936;-0.083456;,
   -0.190344;0.724936;-0.016184;,
   -0.181296;0.724936;0.047912;,
   -0.145891;0.724936;0.109205;,
   -0.083446;0.724936;0.152597;,
   -0.079250;0.724936;-0.186614;,
   0.000000;0.724936;-0.203352;,
   -0.000000;0.635733;-0.249574;,
   0.000000;0.936874;-0.009085;,
   0.000000;0.724936;0.173838;,
   -0.185159;0.478508;0.149270;,
   -0.049279;0.478508;-0.286335;,
   0.000000;0.478508;-0.299414;,
   -0.217959;0.478508;0.086844;,
   -0.227483;0.478508;0.022328;,
   -0.072209;0.478505;0.247392;,
   -0.138614;0.478506;0.208132;,
   -0.109611;0.478508;-0.249382;,
   -0.222192;0.478508;-0.099093;,
   -0.199355;0.478508;-0.162067;,
   -0.236185;0.478508;-0.038762;,
   -0.162848;0.478508;-0.205899;,
   0.000000;0.480954;0.263674;,
   -0.049279;0.478508;-0.286335;,
   0.000000;0.478508;-0.299414;,
   0.000000;0.793189;-0.018681;,
   -0.109611;0.478508;-0.249382;,
   -0.162848;0.478508;-0.205899;,
   -0.199355;0.478508;-0.162067;,
   -0.222192;0.478508;-0.099093;,
   -0.236185;0.478508;-0.038762;,
   -0.227483;0.478508;0.022328;,
   -0.217959;0.478508;0.086844;,
   -0.185159;0.478508;0.149270;,
   -0.138614;0.478506;0.208132;,
   -0.072209;0.478505;0.247392;,
   -0.000000;0.511424;0.316076;,
   0.000000;0.480954;0.263674;,
   0.226427;0.639227;0.061664;,
   0.219477;0.599867;0.115012;,
   0.246711;0.581489;0.072968;,
   0.108298;0.581490;0.242235;,
   0.092756;0.639227;0.194568;,
   0.047490;0.596276;0.243673;,
   0.203056;0.639227;-0.106927;,
   0.247072;0.604510;-0.081219;,
   0.246226;0.592768;-0.129324;,
   0.195721;0.581490;0.160298;,
   0.163886;0.639227;0.139778;,
   0.151426;0.596276;0.190938;,
   0.088175;0.639227;-0.234794;,
   0.156091;0.591058;-0.234176;,
   0.119863;0.575213;-0.269573;,
   0.193751;0.579993;-0.201111;,
   0.165020;0.639227;-0.172601;,
   0.217725;0.598704;-0.166011;,
   0.232575;0.639227;-0.026428;,
   0.246777;0.600031;0.020015;,
   0.249978;0.581490;-0.032740;,
   0.231067;0.499859;-0.204291;,
   0.274911;0.514221;-0.099114;,
   0.283761;0.501238;0.008280;,
   0.255372;0.514221;0.130881;,
   0.187058;0.501238;0.218256;,
   0.042108;0.499859;-0.333210;,
   0.062765;0.593530;-0.274680;,
   0.157003;0.514221;-0.273279;,
   0.082034;0.514221;-0.323188;,
   0.118101;0.499859;-0.304338;,
   0.188677;0.499859;-0.255096;,
   0.214271;0.514221;-0.225136;,
   0.252778;0.514221;-0.166885;,
   0.272310;0.499859;-0.139157;,
   0.281354;0.501238;-0.064271;,
   0.282878;0.514221;-0.022878;,
   0.281684;0.514221;0.050088;,
   0.275466;0.501238;0.088054;,
   0.238969;0.501238;0.160989;,
   0.212144;0.514221;0.192771;,
   0.155300;0.514221;0.250645;,
   0.128242;0.501238;0.273539;,
   0.041268;0.501238;0.311187;,
   0.081956;0.514221;0.300770;,
   -0.000000;0.560377;0.283628;,
   0.000000;0.580401;0.269823;,
   0.000000;0.639227;0.222362;,
   0.000000;0.630954;0.229209;,
   0.139107;0.724936;-0.143165;,
   0.175482;0.724936;-0.083456;,
   0.190344;0.724936;-0.016184;,
   0.181296;0.724936;0.047912;,
   0.145891;0.724936;0.109205;,
   0.083446;0.724936;0.152597;,
   0.079250;0.724936;-0.186614;,
   0.000000;0.724936;0.173838;,
   0.185159;0.478508;0.149270;,
   0.049279;0.478508;-0.286335;,
   0.217959;0.478508;0.086844;,
   0.227483;0.478508;0.022328;,
   0.138614;0.478506;0.208132;,
   0.072209;0.478505;0.247392;,
   0.109611;0.478508;-0.249382;,
   0.199355;0.478508;-0.162067;,
   0.222192;0.478508;-0.099093;,
   0.236185;0.478508;-0.038762;,
   0.162848;0.478508;-0.205899;,
   0.000000;0.480954;0.263674;,
   0.049279;0.478508;-0.286335;,
   0.109611;0.478508;-0.249382;,
   0.162848;0.478508;-0.205899;,
   0.199355;0.478508;-0.162067;,
   0.222192;0.478508;-0.099093;,
   0.236185;0.478508;-0.038762;,
   0.227483;0.478508;0.022328;,
   0.217959;0.478508;0.086844;,
   0.185159;0.478508;0.149270;,
   0.138614;0.478506;0.208132;,
   0.072209;0.478505;0.247392;,
   -0.000000;0.511424;0.316076;,
   -0.101869;1.147047;-0.127221;,
   -0.100225;1.176121;-0.114399;,
   -0.087064;1.151557;-0.138308;,
   -0.087092;1.186508;-0.123961;,
   -0.043264;1.204696;-0.142740;,
   0.000000;1.203267;-0.143652;,
   -0.035865;1.161161;-0.157266;,
   0.000000;1.163410;-0.164468;,
   -0.068785;1.201661;-0.129270;,
   -0.065606;1.158631;-0.150079;,
   -0.082873;0.861030;-0.117812;,
   -0.105006;0.866378;-0.093480;,
   -0.075038;0.902105;-0.115034;,
   -0.092984;0.905818;-0.091455;,
   -0.051765;0.898509;-0.132799;,
   -0.026015;0.895633;-0.145863;,
   -0.055634;0.855021;-0.135106;,
   -0.027165;0.850632;-0.146266;,
   0.000000;0.893764;-0.156662;,
   0.000000;0.849366;-0.155156;,
   -0.102075;1.207458;-0.094392;,
   -0.091175;1.214243;-0.109818;,
   -0.093888;1.234104;-0.089454;,
   -0.106445;1.226617;-0.080225;,
   -0.096120;1.251439;-0.059050;,
   -0.109195;1.242583;-0.052601;,
   -0.095390;1.262231;-0.021270;,
   -0.105556;1.254003;-0.016443;,
   -0.096971;1.264114;0.015416;,
   -0.109135;1.252746;0.017869;,
   -0.100423;1.255201;0.043396;,
   -0.116128;1.244393;0.043625;,
   -0.103224;1.241790;0.058888;,
   -0.123345;1.229241;0.054904;,
   -0.105873;1.228904;0.070197;,
   -0.127602;1.221192;0.061411;,
   -0.107403;1.212624;0.082643;,
   -0.130855;1.211240;0.070040;,
   -0.132378;1.184706;0.073674;,
   -0.129877;1.149801;0.069976;,
   -0.106791;1.185121;0.090777;,
   -0.103455;1.144433;0.091542;,
   -0.076961;1.195388;0.101886;,
   -0.071069;1.144798;0.102907;,
   -0.041153;1.186209;0.111354;,
   -0.036880;1.141596;0.112748;,
   -0.097420;0.872243;0.059929;,
   -0.109120;0.832714;0.068511;,
   -0.077289;0.865319;0.078479;,
   -0.091168;0.821927;0.091224;,
   -0.054216;0.858837;0.095839;,
   -0.063857;0.808945;0.110836;,
   -0.026974;0.855025;0.108885;,
   -0.027439;0.800299;0.123206;,
   -0.128336;1.108784;0.067972;,
   -0.107505;1.050118;0.062811;,
   -0.098220;1.099747;0.089222;,
   -0.088353;1.049553;0.085189;,
   -0.030595;1.048419;0.107091;,
   -0.034119;1.095203;0.112402;,
   -0.060316;1.049126;0.098379;,
   -0.067432;1.096830;0.104808;,
   -0.093214;0.957175;0.057064;,
   -0.093974;0.914259;0.058231;,
   -0.075553;0.956233;0.077032;,
   -0.075041;0.910952;0.077041;,
   -0.052196;0.954712;0.091595;,
   -0.051797;0.907423;0.092366;,
   -0.027134;0.953384;0.104052;,
   -0.026345;0.904977;0.103971;,
   -0.094568;0.945924;-0.098653;,
   -0.094437;0.986916;-0.104893;,
   -0.077254;0.943098;-0.122834;,
   -0.078348;0.985172;-0.129056;,
   -0.055943;0.983502;-0.148600;,
   -0.028992;0.982417;-0.161360;,
   -0.054885;0.940423;-0.142497;,
   -0.028642;0.938355;-0.156585;,
   0.000000;0.981029;-0.173545;,
   0.000000;0.936916;-0.165949;,
   -0.122198;0.872265;-0.066806;,
   -0.109385;0.909532;-0.067146;,
   -0.105376;0.948351;-0.071156;,
   -0.108231;0.987632;-0.077933;,
   -0.110632;1.147790;-0.119980;,
   -0.097155;1.029414;-0.111762;,
   -0.110862;1.030587;-0.085807;,
   -0.102163;1.072808;-0.120039;,
   -0.124265;1.081486;-0.100399;,
   -0.077812;1.028269;-0.132604;,
   -0.082264;1.070713;-0.138972;,
   -0.034005;1.071346;-0.175177;,
   -0.030879;1.026443;-0.168327;,
   -0.061096;1.070840;-0.158663;,
   -0.058713;1.026732;-0.154894;,
   0.000000;1.071801;-0.183379;,
   0.000000;1.025551;-0.178939;,
   -0.121111;1.110191;-0.114691;,
   -0.101586;1.110492;-0.124866;,
   -0.083663;1.111892;-0.140342;,
   -0.061666;1.114607;-0.155708;,
   -0.034853;1.117571;-0.171332;,
   0.000000;1.119435;-0.180751;,
   -0.118849;0.878564;0.043547;,
   -0.108707;0.916184;0.036640;,
   -0.105949;0.956424;0.034849;,
   -0.108915;0.997818;0.036082;,
   -0.096774;1.001937;0.058568;,
   -0.114105;1.041264;0.039839;,
   -0.130235;1.086395;0.049071;,
   -0.078601;1.002481;0.077910;,
   -0.055882;1.001612;0.095084;,
   -0.028008;1.001087;0.104138;,
   -0.136279;0.880438;-0.009442;,
   -0.124254;0.915494;-0.012810;,
   -0.129970;0.876412;-0.037798;,
   -0.119194;0.912822;-0.040204;,
   -0.122038;0.952246;-0.015810;,
   -0.120516;0.988778;-0.017593;,
   -0.115073;0.950030;-0.043702;,
   -0.114570;0.987179;-0.047783;,
   -0.126391;0.840917;0.048043;,
   -0.145618;0.841297;-0.035894;,
   -0.147199;0.844572;-0.005456;,
   -0.122304;0.826829;-0.098010;,
   -0.138719;0.834512;-0.066248;,
   -0.094583;0.820360;-0.126371;,
   -0.061213;0.810436;-0.144488;,
   -0.028856;0.802310;-0.154126;,
   0.000000;0.800067;-0.159390;,
   -0.133397;0.881615;0.019182;,
   -0.140929;0.844742;0.023772;,
   -0.119479;0.916499;0.013348;,
   -0.119068;0.954472;0.011869;,
   -0.117601;0.992321;0.011117;,
   -0.117857;1.029191;0.013641;,
   -0.125378;1.060343;0.020736;,
   -0.133397;0.881615;0.019182;,
   -0.140929;0.844742;0.023772;,
   -0.119479;0.916499;0.013348;,
   -0.119068;0.954472;0.011869;,
   -0.117601;0.992321;0.011117;,
   -0.117779;1.024387;-0.017445;,
   -0.117857;1.029191;0.013641;,
   -0.125689;1.056259;-0.013876;,
   -0.125378;1.060343;0.020736;,
   -0.116062;1.024148;-0.052514;,
   -0.126841;1.054336;-0.059075;,
   -0.073892;1.222218;-0.120144;,
   -0.080517;1.253621;-0.067367;,
   -0.079254;1.239006;-0.096780;,
   -0.077372;1.269767;0.008500;,
   -0.079575;1.267231;-0.024273;,
   -0.081765;1.262758;0.045520;,
   -0.083837;1.251703;0.067005;,
   -0.082649;1.222033;0.085645;,
   -0.085698;1.236183;0.079088;,
   0.000000;1.181998;0.120255;,
   0.000003;1.139831;0.119452;,
   0.000000;1.000559;0.113111;,
   0.000000;0.952967;0.113742;,
   0.000000;0.904404;0.114217;,
   0.000000;0.853912;0.117086;,
   0.000000;0.802021;0.135570;,
   -0.000019;1.047494;0.119186;,
   -0.095390;1.262231;-0.021270;,
   -0.079575;1.267231;-0.024273;,
   -0.105556;1.254003;-0.016443;,
   -0.143950;0.782568;-0.100678;,
   -0.107265;0.779831;-0.137857;,
   -0.151583;0.741078;-0.124714;,
   -0.120462;0.748192;-0.153908;,
   -0.032133;0.756097;-0.185329;,
   0.000000;0.754263;-0.195123;,
   -0.030748;0.700832;-0.222247;,
   0.000000;0.698523;-0.240415;,
   -0.068281;0.766061;-0.167327;,
   -0.072010;0.716436;-0.199141;,
   -0.114103;0.781170;0.107324;,
   -0.142304;0.778131;0.091777;,
   -0.124956;0.744567;0.129473;,
   -0.161991;0.743711;0.094562;,
   -0.085905;0.757660;0.139692;,
   -0.087297;0.702764;0.185556;,
   -0.032544;0.746522;0.156065;,
   -0.027262;0.689461;0.204239;,
   -0.169386;0.762909;-0.073480;,
   -0.156374;0.793808;-0.061044;,
   -0.168014;0.779886;-0.032190;,
   -0.187230;0.743673;-0.037881;,
   -0.173567;0.775998;0.002172;,
   -0.192746;0.734515;0.003269;,
   -0.168851;0.775401;0.038967;,
   -0.191605;0.734588;0.051797;,
   -0.155149;0.777427;0.071556;,
   -0.168851;0.775401;0.038967;,
   -0.191605;0.734588;0.051797;,
   0.000000;0.747206;0.168352;,
   -0.001000;0.686813;0.214655;,
   -0.154493;0.805221;-0.032150;,
   -0.155928;0.808654;-0.001304;,
   -0.152801;0.809852;0.030241;,
   -0.152801;0.809852;0.030241;,
   -0.142401;0.808794;0.059484;,
   -0.127685;0.801542;0.083109;,
   -0.128279;0.685877;0.161710;,
   -0.182951;0.676525;0.118840;,
   -0.219881;0.675066;0.062564;,
   -0.223091;0.681694;0.000803;,
   -0.219881;0.675066;0.062564;,
   -0.219280;0.697089;-0.050106;,
   -0.184208;0.727276;-0.092715;,
   0.000085;1.094218;0.117261;,
   0.101869;1.147047;-0.127221;,
   0.087064;1.151557;-0.138308;,
   0.100225;1.176121;-0.114399;,
   0.087092;1.186508;-0.123961;,
   0.043264;1.204696;-0.142740;,
   0.035865;1.161161;-0.157266;,
   0.068785;1.201661;-0.129270;,
   0.065606;1.158631;-0.150079;,
   0.092984;0.905818;-0.091455;,
   0.105006;0.866378;-0.093480;,
   0.075038;0.902105;-0.115034;,
   0.082873;0.861030;-0.117812;,
   0.027165;0.850632;-0.146266;,
   0.026015;0.895633;-0.145863;,
   0.055634;0.855021;-0.135106;,
   0.051765;0.898509;-0.132799;,
   0.102075;1.207458;-0.094392;,
   0.091175;1.214243;-0.109818;,
   0.109195;1.242583;-0.052601;,
   0.106445;1.226617;-0.080225;,
   0.096120;1.251439;-0.059050;,
   0.093888;1.234104;-0.089454;,
   0.109135;1.252746;0.017869;,
   0.105556;1.254003;-0.016443;,
   0.096971;1.264114;0.015416;,
   0.095390;1.262231;-0.021270;,
   0.116128;1.244393;0.043625;,
   0.100423;1.255201;0.043396;,
   0.123345;1.229241;0.054904;,
   0.103224;1.241790;0.058888;,
   0.130855;1.211240;0.070040;,
   0.127602;1.221192;0.061411;,
   0.107403;1.212624;0.082643;,
   0.105873;1.228904;0.070197;,
   0.132378;1.184706;0.073674;,
   0.106791;1.185121;0.090777;,
   0.129877;1.149801;0.069976;,
   0.103455;1.144433;0.091542;,
   0.037224;1.140505;0.115003;,
   0.071002;1.144891;0.102939;,
   0.041153;1.186209;0.111354;,
   0.076961;1.195388;0.101886;,
   0.097420;0.872243;0.059929;,
   0.077289;0.865319;0.078479;,
   0.109120;0.832714;0.068511;,
   0.091168;0.821927;0.091224;,
   0.054216;0.858837;0.095839;,
   0.026974;0.855025;0.108885;,
   0.063857;0.808945;0.110836;,
   0.031914;0.802257;0.126996;,
   0.128336;1.108784;0.067972;,
   0.098220;1.099747;0.089222;,
   0.107505;1.050118;0.062811;,
   0.088353;1.049553;0.085189;,
   0.030533;1.048452;0.107113;,
   0.060260;1.049142;0.098410;,
   0.034588;1.094330;0.114839;,
   0.067342;1.096944;0.104878;,
   0.093214;0.957175;0.057064;,
   0.075553;0.956233;0.077032;,
   0.093974;0.914259;0.058231;,
   0.075041;0.910952;0.077041;,
   0.052196;0.954712;0.091595;,
   0.027134;0.953384;0.104052;,
   0.051797;0.907423;0.092366;,
   0.026345;0.904977;0.103971;,
   0.094568;0.945924;-0.098653;,
   0.077254;0.943098;-0.122834;,
   0.094437;0.986916;-0.104893;,
   0.078348;0.985172;-0.129056;,
   0.028642;0.938355;-0.156585;,
   0.028992;0.982417;-0.161360;,
   0.054885;0.940423;-0.142497;,
   0.055943;0.983502;-0.148600;,
   0.122198;0.872265;-0.066806;,
   0.109385;0.909532;-0.067146;,
   0.105376;0.948351;-0.071156;,
   0.108231;0.987632;-0.077933;,
   0.110632;1.147790;-0.119980;,
   0.124265;1.081486;-0.100399;,
   0.110862;1.030587;-0.085807;,
   0.102163;1.072808;-0.120039;,
   0.097155;1.029414;-0.111762;,
   0.082264;1.070713;-0.138972;,
   0.077812;1.028269;-0.132604;,
   0.034005;1.071346;-0.175177;,
   0.061096;1.070840;-0.158663;,
   0.030879;1.026443;-0.168327;,
   0.058713;1.026732;-0.154894;,
   0.121111;1.110191;-0.114691;,
   0.101586;1.110492;-0.124866;,
   0.083663;1.111892;-0.140342;,
   0.034853;1.117571;-0.171332;,
   0.061666;1.114607;-0.155708;,
   0.118849;0.878564;0.043547;,
   0.108707;0.916184;0.036640;,
   0.096774;1.001937;0.058568;,
   0.108915;0.997818;0.036082;,
   0.105949;0.956424;0.034849;,
   0.130235;1.086395;0.049071;,
   0.114105;1.041264;0.039839;,
   0.078601;1.002481;0.077910;,
   0.055882;1.001612;0.095084;,
   0.028008;1.001087;0.104138;,
   0.136279;0.880438;-0.009442;,
   0.129970;0.876412;-0.037798;,
   0.124254;0.915494;-0.012810;,
   0.119194;0.912822;-0.040204;,
   0.122038;0.952246;-0.015810;,
   0.115073;0.950030;-0.043702;,
   0.120516;0.988778;-0.017593;,
   0.114570;0.987179;-0.047783;,
   0.126391;0.840917;0.048043;,
   0.147199;0.844572;-0.005456;,
   0.145618;0.841297;-0.035894;,
   0.122304;0.826829;-0.098010;,
   0.138719;0.834512;-0.066248;,
   0.094583;0.820360;-0.126371;,
   0.028856;0.802310;-0.154126;,
   0.061213;0.810436;-0.144488;,
   0.140929;0.844742;0.023772;,
   0.133397;0.881615;0.019182;,
   0.119479;0.916499;0.013348;,
   0.119068;0.954472;0.011869;,
   0.117601;0.992321;0.011117;,
   0.125378;1.060343;0.020736;,
   0.117857;1.029191;0.013641;,
   0.140929;0.844742;0.023772;,
   0.133397;0.881615;0.019182;,
   0.119479;0.916499;0.013348;,
   0.119068;0.954472;0.011869;,
   0.117601;0.992321;0.011117;,
   0.117779;1.024387;-0.017445;,
   0.116062;1.024148;-0.052514;,
   0.125689;1.056259;-0.013876;,
   0.126841;1.054336;-0.059075;,
   0.073892;1.222218;-0.120144;,
   0.079254;1.239006;-0.096780;,
   0.080517;1.253621;-0.067367;,
   0.077372;1.269767;0.008500;,
   0.079575;1.267231;-0.024273;,
   0.081765;1.262758;0.045520;,
   0.083837;1.251703;0.067005;,
   0.085698;1.236183;0.079088;,
   0.082649;1.222033;0.085645;,
   0.095390;1.262231;-0.021270;,
   0.079575;1.267231;-0.024273;,
   0.105556;1.254003;-0.016443;,
   0.120462;0.748192;-0.153908;,
   0.107265;0.779831;-0.137857;,
   0.151583;0.741078;-0.124714;,
   0.143950;0.782568;-0.100678;,
   0.030748;0.700832;-0.222247;,
   0.032133;0.756097;-0.185329;,
   0.072010;0.716436;-0.199141;,
   0.068281;0.766061;-0.167327;,
   0.161991;0.743711;0.094562;,
   0.142304;0.778131;0.091777;,
   0.124956;0.744567;0.129473;,
   0.114103;0.781170;0.107324;,
   0.085905;0.757660;0.139692;,
   0.038450;0.753703;0.168127;,
   0.087297;0.702764;0.185556;,
   0.031385;0.690123;0.214714;,
   0.156374;0.793808;-0.061044;,
   0.169386;0.762909;-0.073480;,
   0.168014;0.779886;-0.032190;,
   0.187230;0.743673;-0.037881;,
   0.173567;0.775998;0.002172;,
   0.168851;0.775401;0.038967;,
