xof 0303txt 0032
template AnimTicksPerSecond {
 <9e415a43-7ba6-4a73-8743-b73d47e88476>
 DWORD AnimTicksPerSecond;
}

template Frame {
 <3d82ab46-62da-11cf-ab39-0020af71e433>
 [...]
}

template Matrix4x4 {
 <f6f23f45-7686-11cf-8f52-0040333594a3>
 array FLOAT matrix[16];
}

template FrameTransformMatrix {
 <f6f23f41-7686-11cf-8f52-0040333594a3>
 Matrix4x4 frameMatrix;
}

template Vector {
 <3d82ab5e-62da-11cf-ab39-0020af71e433>
 FLOAT x;
 FLOAT y;
 FLOAT z;
}

template MeshFace {
 <3d82ab5f-62da-11cf-ab39-0020af71e433>
 DWORD nFaceVertexIndices;
 array DWORD faceVertexIndices[nFaceVertexIndices];
}

template Mesh {
 <3d82ab44-62da-11cf-ab39-0020af71e433>
 DWORD nVertices;
 array Vector vertices[nVertices];
 DWORD nFaces;
 array MeshFace faces[nFaces];
 [...]
}

template MeshNormals {
 <f6f23f43-7686-11cf-8f52-0040333594a3>
 DWORD nNormals;
 array Vector normals[nNormals];
 DWORD nFaceNormals;
 array MeshFace faceNormals[nFaceNormals];
}

template Coords2d {
 <f6f23f44-7686-11cf-8f52-0040333594a3>
 FLOAT u;
 FLOAT v;
}

template MeshTextureCoords {
 <f6f23f40-7686-11cf-8f52-0040333594a3>
 DWORD nTextureCoords;
 array Coords2d textureCoords[nTextureCoords];
}

template ColorRGBA {
 <35ff44e0-6c7c-11cf-8f52-0040333594a3>
 FLOAT red;
 FLOAT green;
 FLOAT blue;
 FLOAT alpha;
}

template ColorRGB {
 <d3e16e81-7835-11cf-8f52-0040333594a3>
 FLOAT red;
 FLOAT green;
 FLOAT blue;
}

template Material {
 <3d82ab4d-62da-11cf-ab39-0020af71e433>
 ColorRGBA faceColor;
 FLOAT power;
 ColorRGB specularColor;
 ColorRGB emissiveColor;
 [...]
}

template MeshMaterialList {
 <f6f23f42-7686-11cf-8f52-0040333594a3>
 DWORD nMaterials;
 DWORD nFaceIndexes;
 array DWORD faceIndexes[nFaceIndexes];
 [Material <3d82ab4d-62da-11cf-ab39-0020af71e433>]
}

template TextureFilename {
 <a42790e1-7810-11cf-8f52-0040333594a3>
 STRING filename;
}

template VertexDuplicationIndices {
 <b8d65549-d7c9-4995-89cf-53a9a8b031e3>
 DWORD nIndices;
 DWORD nOriginalVertices;
 array DWORD indices[nIndices];
}

template XSkinMeshHeader {
 <3cf169ce-ff7c-44ab-93c0-f78f62d172e2>
 WORD nMaxSkinWeightsPerVertex;
 WORD nMaxSkinWeightsPerFace;
 WORD nBones;
}

template SkinWeights {
 <6f0d123b-bad2-4167-a0d0-80224f25fabb>
 STRING transformNodeName;
 DWORD nWeights;
 array DWORD vertexIndices[nWeights];
 array FLOAT weights[nWeights];
 Matrix4x4 matrixOffset;
}

template Animation {
 <3d82ab4f-62da-11cf-ab39-0020af71e433>
 [...]
}

template AnimationSet {
 <3d82ab50-62da-11cf-ab39-0020af71e433>
 [Animation <3d82ab4f-62da-11cf-ab39-0020af71e433>]
}

template FloatKeys {
 <10dd46a9-775b-11cf-8f52-0040333594a3>
 DWORD nValues;
 array FLOAT values[nValues];
}

template TimedFloatKeys {
 <f406b180-7b3b-11cf-8f52-0040333594a3>
 DWORD time;
 FloatKeys tfkeys;
}

template AnimationKey {
 <10dd46a8-775b-11cf-8f52-0040333594a3>
 DWORD keyType;
 DWORD nKeys;
 array TimedFloatKeys keys[nKeys];
}


AnimTicksPerSecond {
 4800;
}

Frame {
 

 FrameTransformMatrix {
  1.000000,0.000000,0.000000,0.000000,0.000000,1.000000,0.000000,0.000000,0.000000,0.000000,1.000000,0.000000,0.000000,0.000000,0.000000,1.000000;;
 }

 Frame Dummy002 {
  

  FrameTransformMatrix {
   0.515038,0.000000,-0.857167,0.000000,-0.168608,0.980463,-0.101310,0.000000,0.840421,0.196704,0.504976,0.000000,0.000000,13.869224,-0.000001,1.000000;;
  }

  Frame Bip001 {
   

   FrameTransformMatrix {
    -0.026176,0.000000,-0.999658,0.000000,0.000000,1.000000,0.000000,0.000000,0.999658,0.000000,-0.026176,0.000000,0.000000,-0.008266,0.000001,1.000000;;
   }

   Frame Bip001_Pelvis {
    

    FrameTransformMatrix {
     0.000000,1.000000,-0.000001,0.000000,-0.000001,0.000001,1.000000,0.000000,1.000000,0.000000,0.000001,0.000000,0.000000,0.000000,0.000000,1.000000;;
    }

    Frame Bip001_Spine {
     

     FrameTransformMatrix {
      0.999067,0.000001,0.043198,0.000000,-0.000002,1.000000,0.000004,0.000000,-0.043198,-0.000004,0.999067,0.000000,1.953516,0.000003,-0.003381,1.000000;;
     }

     Frame Bip001_L_Thigh {
      

      FrameTransformMatrix {
       -0.869808,0.303662,0.388874,0.000000,-0.323549,-0.946091,0.015084,0.000000,0.372491,-0.112699,0.921168,0.000000,-1.951547,2.258328,0.087761,1.000000;;
      }

      Frame Bip001_L_Calf {
       

       FrameTransformMatrix {
        0.661920,0.000000,-0.749574,0.000000,-0.000000,1.000000,-0.000000,0.000000,0.749575,0.000000,0.661920,0.000000,6.767409,0.000001,-0.000000,1.000000;;
       }

       Frame Bip001_L_Foot {
        

        FrameTransformMatrix {
         0.750659,0.287173,0.595015,0.000000,-0.369838,0.928917,0.018255,0.000000,-0.547478,-0.233763,0.803507,0.000000,6.917986,-0.000001,0.000000,1.000000;;
        }

        Frame Bip001_L_Toe0 {
         

         FrameTransformMatrix {
          0.000000,0.000000,1.000000,0.000000,0.000000,1.000000,0.000000,0.000000,-1.000000,0.000000,-0.000000,0.000000,2.382988,-0.000001,5.233955,1.000000;;
         }
        }
       }
      }

      Frame Bip001_LCalfTwist {
       

       FrameTransformMatrix {
        0.661920,0.000000,-0.749574,0.000000,0.004910,0.999979,0.004335,0.000000,0.749558,-0.006550,0.661906,0.000000,6.767409,0.000001,-0.000000,1.000000;;
       }

       Frame Bip001_LCalfTwist1 {
        

        FrameTransformMatrix {
         1.000000,-0.000000,-0.000000,0.000000,-0.000000,0.999979,0.006550,0.000000,0.000000,-0.006550,0.999979,0.000000,3.458992,0.000000,-0.000000,1.000000;;
        }
       }
      }
     }

     Frame Bip001_R_Thigh {
      

      FrameTransformMatrix {
       -0.921513,-0.387247,0.029218,0.000000,0.385317,-0.921110,-0.055560,0.000000,0.048429,-0.039941,0.998028,0.000000,-1.951547,-2.258328,0.087774,1.000000;;
      }

      Frame Bip001_R_Calf {
       

       FrameTransformMatrix {
        0.943924,-0.000000,-0.330162,0.000000,0.000000,1.000000,0.000000,0.000000,0.330162,-0.000000,0.943924,0.000000,6.767408,-0.000001,-0.000000,1.000000;;
       }

       Frame Bip001_R_Foot {
        

        FrameTransformMatrix {
         0.818004,-0.350449,0.456131,0.000000,0.424112,0.903152,-0.066682,0.000000,-0.388587,0.247997,0.887411,0.000000,6.917984,0.000002,0.000000,1.000000;;
        }

        Frame Bip001_R_Toe0 {
         

         FrameTransformMatrix {
          0.000000,0.000000,1.000000,0.000000,-0.000000,1.000000,-0.000000,0.000000,-1.000000,-0.000000,0.000000,0.000000,2.382988,0.000001,5.233955,1.000000;;
         }
        }
       }
      }

      Frame Bip001_RCalfTwist {
       

       FrameTransformMatrix {
        0.943924,-0.000000,-0.330162,0.000000,-0.008110,0.999698,-0.023187,0.000000,0.330062,0.024564,0.943640,0.000000,6.767408,-0.000001,-0.000000,1.000000;;
       }

       Frame Bip001_RCalfTwist1 {
        

        FrameTransformMatrix {
         1.000000,-0.000000,-0.000000,0.000000,0.000000,0.999698,-0.024564,0.000000,-0.000000,0.024564,0.999698,0.000000,3.458992,0.000000,0.000000,1.000000;;
        }
       }
      }
     }

     Frame Bip001_Spine1 {
      

      FrameTransformMatrix {
       0.956577,0.000001,0.291479,0.000000,-0.000001,1.000000,-0.000000,0.000000,-0.291479,-0.000000,0.956577,0.000000,4.253597,-0.000000,-0.005974,1.000000;;
      }

      Frame Bip001_Neck {
       

       FrameTransformMatrix {
        0.933627,-0.000001,-0.358246,0.000000,0.000002,1.000000,-0.000000,0.000000,0.358246,-0.000000,0.933627,0.000000,7.841722,-0.000000,-0.000364,1.000000;;
       }

       Frame Bip001_Head {
        

        FrameTransformMatrix {
         0.999625,-0.000000,0.027399,0.000000,0.013234,0.875617,-0.482825,0.000000,-0.023991,0.483007,0.875288,0.000000,0.489508,-0.000000,0.000001,1.000000;;
        }
       }

       Frame Bip001_L_Clavicle {
        

        FrameTransformMatrix {
         -0.295424,0.948649,-0.113091,0.000000,0.885956,0.316331,0.339143,0.000000,0.357502,-0.000002,-0.933912,0.000000,-3.078761,1.520428,-0.748270,1.000000;;
        }

        Frame Bip001_L_UpperArm {
         

         FrameTransformMatrix {
          0.852050,-0.414741,0.319375,0.000000,0.366898,0.908344,0.200742,0.000000,-0.373358,-0.053864,0.926122,0.000000,2.353937,0.000000,0.000000,1.000000;;
         }

         Frame Bip001_L_Forearm {
          

          FrameTransformMatrix {
           0.804123,0.000000,-0.594464,0.000000,0.000000,1.000000,0.000000,0.000000,0.594464,0.000000,0.804123,0.000000,3.864825,0.000002,0.000000,1.000000;;
          }

          Frame Bip001_L_Hand {
           

           FrameTransformMatrix {
            0.924670,0.365033,0.108331,0.000000,-0.116649,0.000741,0.993173,0.000000,0.362460,-0.930995,0.043266,0.000000,4.433322,-0.000002,0.000000,1.000000;;
           }
          }
         }

         Frame Bip001_L_ForeTwist {
          

          FrameTransformMatrix {
           0.804123,0.000000,-0.594464,0.000000,-0.000148,1.000000,-0.000200,0.000000,0.594464,0.000249,0.804123,0.000000,3.864825,0.000002,0.000000,1.000000;;
          }

          Frame Bip001_L_ForeTwist1 {
           

           FrameTransformMatrix {
            1.000000,-0.000000,-0.000000,0.000000,0.000000,1.000000,-0.000249,0.000000,0.000000,0.000249,1.000000,0.000000,2.216663,-0.000003,0.000000,1.000000;;
           }
          }
         }
        }

        Frame Bip001_LUpArmTwist {
         

         FrameTransformMatrix {
          0.852050,-0.414741,0.319375,0.000000,0.428115,0.903201,0.030744,0.000000,-0.301211,0.110534,0.947130,0.000000,2.353937,0.000000,0.000000,1.000000;;
         }

         Frame Bip001_LUpArmTwist1 {
          

          FrameTransformMatrix {
           1.000000,0.000000,0.000000,0.000000,-0.000000,0.995908,0.090379,0.000000,0.000000,-0.090379,0.995908,0.000000,1.932413,0.000002,0.000001,1.000000;;
          }
         }
        }
       }

       Frame Bip001_R_Clavicle {
        

        FrameTransformMatrix {
         -0.202088,-0.976308,-0.077357,0.000000,-0.911786,0.216388,-0.349032,0.000000,0.357502,-0.000002,-0.933912,0.000000,-3.080475,-1.435090,-0.748913,1.000000;;
        }

        Frame Bip001_R_UpperArm {
         

         FrameTransformMatrix {
          0.924663,0.300527,0.233843,0.000000,-0.296581,0.953551,-0.052728,0.000000,-0.238828,-0.020598,0.970844,0.000000,2.353937,0.000000,0.000000,1.000000;;
         }

         Frame Bip001_R_Forearm {
          

          FrameTransformMatrix {
           0.853685,0.000000,-0.520790,0.000000,-0.000000,1.000000,0.000000,0.000000,0.520790,0.000000,0.853685,0.000000,3.864824,-0.000002,0.000000,1.000000;;
          }

          Frame Bip001_R_Hand {
           

           FrameTransformMatrix {
            0.993207,-0.000000,0.116361,0.000000,0.116361,0.000796,-0.993207,0.000000,-0.000093,1.000000,0.000791,0.000000,4.433323,0.000000,0.000000,1.000000;;
           }

           Frame Bip001_R_Finger0 {
            

            FrameTransformMatrix {
             1.000000,0.000000,0.000000,0.000000,0.000000,1.000000,-0.000796,0.000000,0.000000,0.000796,1.000000,0.000000,4.063719,0.000001,0.000002,1.000000;;
            }
           }
          }
         }

         Frame Bip001_R_ForeTwist {
          

          FrameTransformMatrix {
           0.853685,0.000000,-0.520790,0.000000,0.000139,1.000000,0.000228,0.000000,0.520790,-0.000267,0.853685,0.000000,3.864824,-0.000002,0.000000,1.000000;;
          }

          Frame Bip001_R_ForeTwist1 {
           

           FrameTransformMatrix {
            1.000000,-0.000000,0.000000,0.000000,0.000000,1.000000,0.000267,0.000000,-0.000000,-0.000267,1.000000,0.000000,2.216661,-0.000002,0.000001,1.000000;;
           }
          }
         }
        }

        Frame Bip001_RUpArmTwist {
         

         FrameTransformMatrix {
          0.924663,0.300527,0.233843,0.000000,-0.327325,0.941095,0.084845,0.000000,-0.194571,-0.154995,0.968565,0.000000,2.353937,0.000000,0.000000,1.000000;;
         }

         Frame Bip001_RUpArmTwist1 {
          

          FrameTransformMatrix {
           1.000000,-0.000000,0.000000,0.000000,0.000000,0.997494,-0.070757,0.000000,-0.000000,0.070757,0.997494,0.000000,1.932412,-0.000002,0.000000,1.000000;;
          }
         }
        }
       }
      }
     }

     Frame Bip001_LThighTwist {
      

      FrameTransformMatrix {
       -0.869808,0.303662,0.388874,0.000000,-0.303347,-0.950735,0.063897,0.000000,0.389119,-0.062385,0.919073,0.000000,-1.951547,2.258328,0.087761,1.000000;;
      }

      Frame Bip001_LThighTwist1 {
       

       FrameTransformMatrix {
        1.000000,0.000000,0.000000,0.000000,0.000000,0.999648,-0.026516,0.000000,-0.000000,0.026516,0.999648,0.000000,3.383705,0.000000,0.000000,1.000000;;
       }
      }
     }

     Frame Bip001_RThighTwist {
      

      FrameTransformMatrix {
       -0.921513,-0.387247,0.029218,0.000000,0.385656,-0.921374,-0.048358,0.000000,0.045648,-0.033294,0.998403,0.000000,-1.951547,-2.258328,0.087774,1.000000;;
      }

      Frame Bip001_RThighTwist1 {
       

       FrameTransformMatrix {
        1.000000,0.000000,0.000000,0.000000,-0.000000,0.999994,-0.003607,0.000000,-0.000000,0.003607,0.999994,0.000000,3.383704,0.000001,0.000000,1.000000;;
       }
      }
     }
    }
   }

   Frame Bip001_Prop1 {
    

    FrameTransformMatrix {
     -0.276185,-0.381960,0.881946,0.000000,0.709626,-0.699918,-0.080904,0.000000,0.648192,0.603508,0.464356,0.000000,-0.912352,5.481180,-11.199685,1.000000;;
    }
   }
  }
 }

 Frame character_07 {
  

  FrameTransformMatrix {
   5.798800,0.000000,0.000000,0.000000,0.000000,5.798800,0.000000,0.000000,0.000000,0.000000,5.798800,0.000000,0.000000,0.000000,-0.000000,1.000000;;
  }

  Mesh character_07 {
   2434;
   -2.473297;4.737527;-0.585069;,
   -2.330206;4.638434;-0.585069;,
   -2.473297;4.781537;-0.815377;,
   -2.251581;4.638434;-0.815377;,
   -2.372080;4.565102;0.450720;,
   -2.372080;4.660534;0.450720;,
   -2.473242;4.565102;0.450720;,
   -2.473242;4.707311;0.450720;,
   -2.473297;4.392677;-0.585068;,
   -2.473297;4.348663;-0.815377;,
   -2.330206;4.491768;-0.585069;,
   -2.251581;4.491768;-0.815377;,
   -1.974725;4.565102;-0.985224;,
   -2.080310;4.639372;-0.926984;,
   -1.974725;4.565102;-0.843239;,
   -2.080310;4.639372;-0.740929;,
   -2.971869;4.565102;-0.985224;,
   -2.971869;4.565102;-0.843239;,
   -2.866284;4.639372;-0.926984;,
   -2.866284;4.639372;-0.740929;,
   -2.473297;4.431632;-0.815377;,
   -2.346808;4.493746;-0.815377;,
   -2.473297;4.348663;-0.815377;,
   -2.251581;4.491768;-0.815377;,
   -2.251581;4.638434;-0.815377;,
   -2.346808;4.636456;-0.815377;,
   -2.473297;4.781537;-0.815377;,
   -2.473297;4.698570;-0.815377;,
   -2.599787;4.493746;-0.815377;,
   -2.695013;4.491768;-0.815377;,
   -2.599787;4.636456;-0.815377;,
   -2.695013;4.638434;-0.815377;,
   -2.473116;4.565096;-3.478102;,
   -2.227545;4.466992;-2.362293;,
   -2.472345;4.418169;-2.362293;,
   -2.346808;4.636456;-0.815377;,
   -2.346808;4.493746;-0.815377;,
   -2.227283;4.663154;-2.355775;,
   -2.473297;4.698570;-0.815377;,
   -2.472345;4.712106;-2.355775;,
   -2.599787;4.636456;-0.815377;,
   -2.720145;4.664250;-2.355775;,
   -2.599787;4.493746;-0.815377;,
   -2.720145;4.465901;-2.358351;,
   -2.473297;4.666834;-0.585069;,
   -2.388873;4.633372;-0.585069;,
   -2.473297;4.737527;-0.585069;,
   -2.330206;4.638434;-0.585069;,
   -2.330206;4.565102;-0.557150;,
   -2.388873;4.565102;-0.557150;,
   -2.330206;4.491768;-0.585069;,
   -2.388873;4.496834;-0.585069;,
   -2.473297;4.392677;-0.585068;,
   -2.473297;4.463371;-0.585069;,
   -2.557719;4.565102;-0.557150;,
   -2.557719;4.633372;-0.585069;,
   -2.616386;4.565102;-0.557150;,
   -2.616386;4.638434;-0.585069;,
   -2.473297;4.666834;0.314294;,
   -2.388873;4.633372;0.314294;,
   -2.388873;4.565102;0.314294;,
   -2.388873;4.496834;0.314294;,
   -2.372080;4.469672;0.450720;,
   -2.473297;4.463371;0.314294;,
   -2.473242;4.422894;0.450720;,
   -2.557719;4.565102;0.314294;,
   -2.574516;4.565102;0.450720;,
   -2.557719;4.633372;0.314294;,
   -2.574516;4.660534;0.450720;,
   -2.616386;4.491768;-0.585069;,
   -2.695013;4.491768;-0.815377;,
   -2.557719;4.496834;-0.585069;,
   -2.616386;4.491768;-0.585069;,
   -2.574516;4.469672;0.450720;,
   -2.557719;4.496834;0.314294;,
   -2.695013;4.638434;-0.815377;,
   -2.616386;4.638434;-0.585069;,
   -2.473297;4.431632;-0.815377;,
   -2.472345;4.418169;-2.362293;,
   -2.196393;4.449396;-0.643812;,
   -2.149780;4.449396;-0.879272;,
   -2.080310;4.490830;-0.740929;,
   -2.080310;4.490830;-0.926984;,
   -1.974725;4.565102;-0.843239;,
   -2.080310;4.639372;-0.740929;,
   -2.075861;4.565102;-0.738161;,
   -2.200226;4.680808;-0.641886;,
   -2.173834;4.680808;-0.863443;,
   -1.974725;4.565102;-0.985224;,
   -2.080310;4.490830;-0.926984;,
   -2.155814;4.563428;-0.871868;,
   -2.149780;4.449396;-0.879272;,
   -2.750198;4.449396;-0.643812;,
   -2.796808;4.449396;-0.879272;,
   -2.790774;4.563428;-0.871868;,
   -2.772763;4.680808;-0.863443;,
   -2.746368;4.680808;-0.641886;,
   -2.772763;4.680808;-0.863443;,
   -2.749225;4.565102;-0.611910;,
   -2.746368;4.680808;-0.641886;,
   -1.974725;4.565102;-0.843239;,
   -1.974725;4.565102;-0.985224;,
   -2.080310;4.490830;-0.740929;,
   -2.750198;4.449396;-0.643812;,
   -2.866284;4.490830;-0.740929;,
   -2.971869;4.565102;-0.843239;,
   -2.866284;4.490830;-0.926984;,
   -2.971869;4.565102;-0.985224;,
   -2.796808;4.449396;-0.879272;,
   -2.080310;4.639372;-0.926984;,
   -2.173834;4.680808;-0.863443;,
   -2.557719;4.633372;-0.585069;,
   -2.473297;4.666834;-0.585069;,
   -2.388873;4.633372;-0.585069;,
   -2.388873;4.565102;-0.557150;,
   -2.388873;4.496834;-0.585069;,
   -2.473297;4.463371;-0.585069;,
   -2.557719;4.496834;-0.585069;,
   -2.557719;4.565102;-0.557150;,
   -2.866284;4.639372;-0.740929;,
   -2.870734;4.565102;-0.738161;,
   -2.866284;4.639372;-0.926984;,
   -2.971869;4.565102;-0.985224;,
   -2.200226;4.680808;-0.641886;,
   -2.197369;4.565102;-0.611910;,
   -2.866284;4.490830;-0.926984;,
   -2.866284;4.490830;-0.740929;,
   -2.196393;4.449396;-0.643812;,
   -2.971869;4.565102;-0.843239;,
   -2.473297;4.431632;-0.815377;,
   0.672726;0.741436;0.133687;,
   0.716795;1.275199;0.156270;,
   0.625003;0.741436;0.241153;,
   0.638074;1.275199;0.280176;,
   0.553574;0.741436;0.303922;,
   0.564169;1.271609;0.355982;,
   0.480698;0.741436;0.326489;,
   0.487766;1.275199;0.389637;,
   0.422842;0.741436;0.303922;,
   0.412247;1.271609;0.355982;,
   0.351413;0.741436;0.241154;,
   0.338342;1.275199;0.280177;,
   0.303688;0.741436;0.133687;,
   0.259622;1.275199;0.156271;,
   0.286934;0.741436;0.002029;,
   0.242724;1.275199;-0.012803;,
   0.312648;0.741436;-0.109518;,
   0.278735;1.275199;-0.146979;,
   0.373333;0.741436;-0.168335;,
   0.332604;1.275199;-0.263961;,
   0.422842;0.741436;-0.231101;,
   0.409696;1.275199;-0.346288;,
   0.488207;0.741436;-0.253145;,
   0.488210;1.275199;-0.376182;,
   0.553573;0.741436;-0.231101;,
   0.566719;1.275199;-0.346289;,
   0.603084;0.741436;-0.168336;,
   0.643814;1.275199;-0.263961;,
   0.663769;0.741436;-0.109518;,
   0.697680;1.275199;-0.146979;,
   0.689481;0.741436;0.002029;,
   0.733693;1.275199;-0.012804;,
   0.668852;0.002049;0.265479;,
   0.488208;0.002049;-0.117901;,
   0.743316;0.002049;0.086697;,
   0.585162;0.002049;0.348945;,
   0.488207;0.002049;0.398174;,
   0.391254;0.002049;0.348942;,
   0.307564;0.002049;0.265476;,
   0.233099;0.002049;0.086698;,
   0.210853;0.002049;-0.117898;,
   0.233099;0.002049;-0.365365;,
   0.296447;0.002049;-0.575159;,
   0.391253;0.002049;-0.715337;,
   0.488208;0.002049;-0.764558;,
   0.585162;0.002049;-0.715345;,
   0.679968;0.002049;-0.575168;,
   0.743316;0.002049;-0.365365;,
   0.765562;0.002049;-0.117899;,
   0.716795;1.275199;0.156270;,
   0.488208;1.275199;0.007577;,
   0.638074;1.275199;0.280176;,
   0.564169;1.271609;0.355982;,
   0.487766;1.275199;0.389637;,
   0.412247;1.271609;0.355982;,
   0.338342;1.275199;0.280177;,
   0.259622;1.275199;0.156271;,
   0.242724;1.275199;-0.012803;,
   0.278735;1.275199;-0.146979;,
   0.332604;1.275199;-0.263961;,
   0.409696;1.275199;-0.346288;,
   0.488210;1.275199;-0.376182;,
   0.566719;1.275199;-0.346289;,
   0.643814;1.275199;-0.263961;,
   0.697680;1.275199;-0.146979;,
   0.733693;1.275199;-0.012804;,
   0.656701;0.421897;0.122044;,
   0.609630;0.425382;0.219213;,
   0.555865;0.419992;0.289836;,
   0.488208;0.417589;0.314064;,
   0.420550;0.419992;0.289836;,
   0.366786;0.425382;0.219213;,
   0.319712;0.421897;0.122044;,
   0.304935;0.431349;0.001854;,
   0.326493;0.437455;-0.113178;,
   0.382696;0.420306;-0.192731;,
   0.429168;0.410272;-0.241385;,
   0.488208;0.402903;-0.270385;,
   0.547247;0.410272;-0.241385;,
   0.593719;0.420306;-0.192731;,
   0.649923;0.437455;-0.113178;,
   0.671481;0.431349;0.001854;,
   0.676444;0.187207;0.278777;,
   0.668852;0.002049;0.265479;,
   0.739776;0.180894;0.102076;,
   0.743316;0.002049;0.086697;,
   0.596734;0.171628;0.352643;,
   0.585162;0.002049;0.348945;,
   0.488208;0.182904;0.404895;,
   0.488207;0.002049;0.398174;,
   0.379681;0.171628;0.352639;,
   0.391254;0.002049;0.348942;,
   0.299972;0.187207;0.278779;,
   0.307564;0.002049;0.265476;,
   0.236640;0.180894;0.102076;,
   0.233099;0.002049;0.086698;,
   0.212231;0.181140;-0.076450;,
   0.210853;0.002049;-0.117898;,
   0.232296;0.186569;-0.310221;,
   0.233099;0.002049;-0.365365;,
   0.293843;0.189311;-0.494679;,
   0.296447;0.002049;-0.575159;,
   0.380875;0.212380;-0.638540;,
   0.391253;0.002049;-0.715337;,
   0.488208;0.217960;-0.695428;,
   0.488208;0.002049;-0.764558;,
   0.595541;0.212380;-0.638540;,
   0.585162;0.002049;-0.715345;,
   0.682572;0.189311;-0.494677;,
   0.679968;0.002049;-0.575168;,
   0.744120;0.186569;-0.310221;,
   0.743316;0.002049;-0.365365;,
   0.764185;0.181140;-0.076450;,
   0.765562;0.002049;-0.117899;,
   -0.905708;2.556909;0.246656;,
   -0.986843;2.325957;0.291873;,
   -0.877910;2.399466;0.460048;,
   -0.433193;2.325959;0.968941;,
   -0.189958;2.385105;0.974691;,
   -0.371022;2.556909;0.778274;,
   -0.812222;2.556909;-0.427707;,
   -0.984905;2.371071;-0.517295;,
   -0.988290;2.418041;-0.324878;,
   -0.782883;2.325959;0.641192;,
   -0.605703;2.385104;0.763752;,
   -0.655542;2.556909;0.559112;,
   -0.352700;2.556909;-0.939175;,
   -0.479454;2.300851;-1.078293;,
   -0.624364;2.364233;-0.936702;,
   -0.775002;2.319971;-0.804446;,
   -0.870899;2.394817;-0.664044;,
   -0.660080;2.556909;-0.690402;,
   -0.930300;2.556909;-0.105710;,
   -0.999911;2.325959;-0.130958;,
   -0.987109;2.400124;0.080060;,
   -0.924266;1.999437;-0.817165;,
   -1.099643;2.056885;-0.396454;,
   -1.135044;2.004953;0.033119;,
   -1.021487;2.056885;0.523526;,
   -0.748233;2.004953;0.873025;,
   -0.168433;1.999437;-1.332841;,
   -0.251058;2.374122;-1.098719;,
   0.000000;2.274499;-1.225109;,
   -0.628012;2.056884;-1.093117;,
   0.000000;2.044705;-1.334743;,
   -0.328137;2.056884;-1.292753;,
   -0.472405;1.999437;-1.217352;,
   -0.754709;1.999437;-1.020386;,
   -0.857085;2.056884;-0.900546;,
   -1.011111;2.056884;-0.667542;,
   -1.089241;1.999437;-0.556627;,
   -1.125417;2.004953;-0.257082;,
   -1.131512;2.056885;-0.091512;,
   -1.126734;2.056885;0.200353;,
   -1.101862;2.004953;0.352216;,
   -0.955878;2.004953;0.643955;,
   -0.848578;2.056885;0.771084;,
   -0.621199;2.056885;1.002582;,
   -0.512966;2.004953;1.094157;,
   -0.165071;2.004953;1.244748;,
   -0.327826;2.056885;1.203081;,
   -0.000000;2.241506;1.134513;,
   0.000000;2.321604;1.079290;,
   0.000000;2.556909;0.889450;,
   0.000000;2.523814;0.916835;,
   -0.556427;2.899745;-0.572659;,
   -0.701926;2.899745;-0.333824;,
   -0.761376;2.899745;-0.064738;,
   -0.725184;2.899745;0.191649;,
   -0.583563;2.899745;0.436820;,
   -0.333783;2.899745;0.610389;,
   -0.317000;2.899745;-0.746457;,
   0.000000;2.899745;-0.813409;,
   -0.000000;2.542931;-0.998297;,
   0.000000;3.747494;-0.036341;,
   0.000000;2.899745;0.695351;,
   -0.740636;1.914030;0.597080;,
   -0.197115;1.914030;-1.145341;,
   0.000000;1.914030;-1.197658;,
   -0.871835;1.914030;0.347378;,
   -0.909931;1.914030;0.089312;,
   -0.288835;1.914022;0.989570;,
   -0.554456;1.914024;0.832530;,
   -0.438442;1.914030;-0.997527;,
   -0.888769;1.914030;-0.396372;,
   -0.797421;1.914030;-0.648267;,
   -0.944741;1.914030;-0.155047;,
   -0.651392;1.914030;-0.823596;,
   0.000000;1.923816;1.054696;,
   -0.197115;1.914030;-1.145341;,
   0.000000;1.914030;-1.197658;,
   0.000000;3.172755;-0.074726;,
   -0.438442;1.914030;-0.997527;,
   -0.651392;1.914030;-0.823596;,
   -0.797421;1.914030;-0.648267;,
   -0.888769;1.914030;-0.396372;,
   -0.944741;1.914030;-0.155047;,
   -0.909931;1.914030;0.089312;,
   -0.871835;1.914030;0.347378;,
   -0.740636;1.914030;0.597080;,
   -0.554456;1.914024;0.832530;,
   -0.288835;1.914022;0.989570;,
   -0.000000;2.045698;1.264303;,
   0.000000;1.923816;1.054696;,
   0.905708;2.556909;0.246656;,
   0.877910;2.399466;0.460048;,
   0.986843;2.325957;0.291873;,
   0.433193;2.325959;0.968941;,
   0.371022;2.556909;0.778274;,
   0.189958;2.385105;0.974691;,
   0.812222;2.556909;-0.427707;,
   0.988290;2.418041;-0.324878;,
   0.984905;2.371071;-0.517295;,
   0.782883;2.325959;0.641192;,
   0.655542;2.556909;0.559112;,
   0.605703;2.385104;0.763752;,
   0.352700;2.556909;-0.939175;,
   0.624364;2.364233;-0.936702;,
   0.479454;2.300851;-1.078293;,
   0.775002;2.319971;-0.804446;,
   0.660080;2.556909;-0.690402;,
   0.870899;2.394817;-0.664044;,
   0.930300;2.556909;-0.105710;,
   0.987109;2.400124;0.080060;,
   0.999911;2.325959;-0.130958;,
   0.924266;1.999437;-0.817165;,
   1.099643;2.056885;-0.396454;,
   1.135044;2.004953;0.033119;,
   1.021487;2.056885;0.523526;,
   0.748233;2.004953;0.873025;,
   0.168433;1.999437;-1.332841;,
   0.251058;2.374122;-1.098719;,
   0.628012;2.056884;-1.093117;,
   0.328137;2.056884;-1.292753;,
   0.472405;1.999437;-1.217352;,
   0.754709;1.999437;-1.020386;,
   0.857085;2.056884;-0.900546;,
   1.011111;2.056884;-0.667542;,
   1.089241;1.999437;-0.556627;,
   1.125417;2.004953;-0.257082;,
   1.131512;2.056885;-0.091512;,
   1.126734;2.056885;0.200353;,
   1.101862;2.004953;0.352216;,
   0.955878;2.004953;0.643955;,
   0.848578;2.056885;0.771084;,
   0.621199;2.056885;1.002582;,
   0.512966;2.004953;1.094157;,
   0.165071;2.004953;1.244748;,
   0.327826;2.056885;1.203081;,
   -0.000000;2.241506;1.134513;,
   0.000000;2.321604;1.079290;,
   0.000000;2.556909;0.889450;,
   0.000000;2.523814;0.916835;,
   0.556427;2.899745;-0.572659;,
   0.701926;2.899745;-0.333824;,
   0.761376;2.899745;-0.064738;,
   0.725184;2.899745;0.191649;,
   0.583563;2.899745;0.436820;,
   0.333783;2.899745;0.610389;,
   0.317000;2.899745;-0.746457;,
   0.000000;2.899745;0.695351;,
   0.740636;1.914030;0.597080;,
   0.197115;1.914030;-1.145341;,
   0.871835;1.914030;0.347378;,
   0.909931;1.914030;0.089312;,
   0.554456;1.914024;0.832530;,
   0.288835;1.914022;0.989570;,
   0.438442;1.914030;-0.997527;,
   0.797421;1.914030;-0.648267;,
   0.888769;1.914030;-0.396372;,
   0.944741;1.914030;-0.155047;,
   0.651392;1.914030;-0.823596;,
   0.000000;1.923816;1.054696;,
   0.197115;1.914030;-1.145341;,
   0.438442;1.914030;-0.997527;,
   0.651392;1.914030;-0.823596;,
   0.797421;1.914030;-0.648267;,
   0.888769;1.914030;-0.396372;,
   0.944741;1.914030;-0.155047;,
   0.909931;1.914030;0.089312;,
   0.871835;1.914030;0.347378;,
   0.740636;1.914030;0.597080;,
   0.554456;1.914024;0.832530;,
   0.288835;1.914022;0.989570;,
   -0.000000;2.045698;1.264303;,
   -0.407476;4.588188;-0.508885;,
   -0.400902;4.704484;-0.457597;,
   -0.348256;4.606229;-0.553232;,
   -0.348368;4.746030;-0.495843;,
   -0.173055;4.818785;-0.570959;,
   0.000000;4.813068;-0.574609;,
   -0.143459;4.644644;-0.629064;,
   0.000000;4.653639;-0.657873;,
   -0.275139;4.806642;-0.517081;,
   -0.262422;4.634525;-0.600317;,
   -0.331491;3.444122;-0.471247;,
   -0.420022;3.465512;-0.373919;,
   -0.300152;3.608420;-0.460137;,
   -0.371937;3.623274;-0.365821;,
   -0.207061;3.594036;-0.531196;,
   -0.104058;3.582533;-0.583452;,
   -0.222535;3.420084;-0.540422;,
   -0.108661;3.402527;-0.585066;,
   0.000000;3.575057;-0.626648;,
   0.000000;3.397463;-0.620623;,
   -0.408299;4.829832;-0.377566;,
   -0.364699;4.856972;-0.439270;,
   -0.375551;4.936417;-0.357817;,
   -0.425782;4.906468;-0.320901;,
   -0.384478;5.005754;-0.236201;,
   -0.436778;4.970333;-0.210403;,
   -0.381558;5.048924;-0.085080;,
   -0.422224;5.016010;-0.065771;,
   -0.387884;5.056458;0.061663;,
   -0.436540;5.010985;0.071476;,
   -0.401693;5.020802;0.173586;,
   -0.464513;4.977571;0.174499;,
   -0.412894;4.967160;0.235552;,
   -0.493381;4.916963;0.219615;,
   -0.423493;4.915616;0.280789;,
   -0.510407;4.884769;0.245646;,
   -0.429612;4.850498;0.330571;,
   -0.523420;4.844960;0.280159;,
   -0.529513;4.738824;0.294694;,
   -0.519509;4.599202;0.279903;,
   -0.427165;4.740482;0.363106;,
   -0.413820;4.577732;0.366168;,
   -0.307846;4.781551;0.407546;,
   -0.284277;4.579192;0.411628;,
   -0.164611;4.744835;0.445417;,
   -0.147519;4.566383;0.450993;,
   -0.389680;3.488973;0.239718;,
   -0.436480;3.330856;0.274045;,
   -0.309154;3.461276;0.313915;,
   -0.364674;3.287709;0.364895;,
   -0.216865;3.435346;0.383355;,
   -0.255427;3.235779;0.443344;,
   -0.107896;3.420101;0.435540;,
   -0.109758;3.201195;0.492824;,
   -0.513344;4.435136;0.271889;,
   -0.430021;4.200473;0.251245;,
   -0.392881;4.398988;0.356890;,
   -0.353412;4.198213;0.340756;,
   -0.122381;4.193678;0.428365;,
   -0.136475;4.380811;0.449606;,
   -0.241265;4.196503;0.393518;,
   -0.269727;4.387319;0.419233;,
   -0.372857;3.828702;0.228255;,
   -0.375895;3.657036;0.232925;,
   -0.302213;3.824933;0.308126;,
   -0.300164;3.643808;0.308166;,
   -0.208786;3.818848;0.366380;,
   -0.207188;3.629691;0.369465;,
   -0.108536;3.813536;0.416207;,
   -0.105379;3.619909;0.415886;,
   -0.378273;3.783694;-0.394612;,
   -0.377747;3.947663;-0.419571;,
   -0.309016;3.772392;-0.491337;,
   -0.313392;3.940686;-0.516223;,
   -0.223772;3.934008;-0.594402;,
   -0.115969;3.929668;-0.645439;,
   -0.219541;3.761694;-0.569986;,
   -0.114570;3.753418;-0.626340;,
   0.000000;3.924114;-0.694180;,
   0.000000;3.747666;-0.663796;,
   -0.488791;3.489061;-0.267224;,
   -0.437540;3.638128;-0.268584;,
   -0.421503;3.793403;-0.284626;,
   -0.432924;3.950526;-0.311733;,
   -0.442529;4.591159;-0.479921;,
   -0.388621;4.117655;-0.447050;,
   -0.443447;4.122348;-0.343229;,
   -0.408650;4.291230;-0.480155;,
   -0.497061;4.325942;-0.401595;,
   -0.311249;4.113075;-0.530415;,
   -0.329057;4.282854;-0.555887;,
   -0.136020;4.285385;-0.700708;,
   -0.123516;4.105772;-0.673308;,
   -0.244382;4.283358;-0.634650;,
   -0.234851;4.106927;-0.619574;,
   0.000000;4.287206;-0.733518;,
   0.000000;4.102205;-0.715757;,
   -0.484445;4.440765;-0.458766;,
   -0.406342;4.441969;-0.499464;,
   -0.334650;4.447568;-0.561367;,
   -0.246666;4.458427;-0.622832;,
   -0.139413;4.470282;-0.685328;,
   0.000000;4.477738;-0.723003;,
   -0.475395;3.514257;0.174190;,
   -0.434827;3.664736;0.146561;,
   -0.423796;3.825694;0.139394;,
   -0.435659;3.991271;0.144330;,
   -0.387098;4.007749;0.234273;,
   -0.456420;4.165056;0.159356;,
   -0.520940;4.345582;0.196282;,
   -0.314404;4.009922;0.311638;,
   -0.223528;4.006450;0.380337;,
   -0.112033;4.004350;0.416552;,
   -0.545115;3.521752;-0.037769;,
   -0.497016;3.661976;-0.051239;,
   -0.519879;3.505646;-0.151192;,
   -0.476777;3.651290;-0.160817;,
   -0.488154;3.808982;-0.063239;,
   -0.482065;3.955110;-0.070372;,
   -0.460290;3.800119;-0.174807;,
   -0.458281;3.948715;-0.191132;,
   -0.505563;3.363668;0.192173;,
   -0.582473;3.365188;-0.143576;,
   -0.588795;3.378288;-0.021822;,
   -0.489215;3.307315;-0.392041;,
   -0.554876;3.338049;-0.264990;,
   -0.378333;3.281441;-0.505484;,
   -0.244850;3.241746;-0.577953;,
   -0.115425;3.209240;-0.616504;,
   0.000000;3.200269;-0.637558;,
   -0.533589;3.526459;0.076730;,
   -0.563717;3.378968;0.095089;,
   -0.477916;3.665997;0.053392;,
   -0.476272;3.817886;0.047476;,
   -0.470404;3.969285;0.044467;,
   -0.471426;4.116764;0.054565;,
   -0.501514;4.241372;0.082944;,
   -0.533589;3.526459;0.076730;,
   -0.563717;3.378968;0.095089;,
   -0.477916;3.665997;0.053392;,
   -0.476272;3.817886;0.047476;,
   -0.470404;3.969285;0.044467;,
   -0.471115;4.097550;-0.069781;,
   -0.471426;4.116764;0.054565;,
   -0.502756;4.225035;-0.055503;,
   -0.501514;4.241372;0.082944;,
   -0.464247;4.096592;-0.210057;,
   -0.507362;4.217343;-0.236300;,
   -0.295567;4.888872;-0.480575;,
   -0.322070;5.014484;-0.269466;,
   -0.317016;4.956023;-0.387119;,
   -0.309487;5.079068;0.034002;,
   -0.318300;5.068924;-0.097093;,
   -0.327060;5.051030;0.182081;,
   -0.335348;5.006810;0.268020;,
   -0.330594;4.888132;0.342578;,
   -0.342794;4.944731;0.316353;,
   0.000000;4.727992;0.481021;,
   0.000014;4.559324;0.477808;,
   0.000000;4.002234;0.452444;,
   0.000000;3.811867;0.454967;,
   0.000000;3.617617;0.456868;,
   0.000000;3.415646;0.468346;,
   0.000000;3.208083;0.542280;,
   -0.000074;4.189977;0.476743;,
   -0.381558;5.048924;-0.085080;,
   -0.318300;5.068924;-0.097093;,
   -0.422224;5.016010;-0.065771;,
   -0.575801;3.130271;-0.402712;,
   -0.429062;3.119325;-0.551426;,
   -0.606334;2.964312;-0.498855;,
   -0.481846;2.992769;-0.615633;,
   -0.128534;3.024388;-0.741316;,
   0.000000;3.017053;-0.780491;,
   -0.122994;2.803326;-0.888989;,
   0.000000;2.794092;-0.961661;,
   -0.273123;3.064244;-0.669307;,
   -0.288039;2.865743;-0.796564;,
   -0.456412;3.124680;0.429294;,
   -0.569215;3.112525;0.367109;,
   -0.499822;2.978268;0.517891;,
   -0.647966;2.974844;0.378248;,
   -0.343621;3.030641;0.558769;,
   -0.349189;2.811055;0.742224;,
   -0.130177;2.986086;0.624261;,
   -0.109048;2.757844;0.816958;,
   -0.677544;3.051635;-0.293919;,
   -0.625497;3.175234;-0.244175;,
   -0.672057;3.119544;-0.128759;,
   -0.748919;2.974691;-0.151526;,
   -0.694267;3.103990;0.008688;,
   -0.770985;2.938059;0.013075;,
   -0.675406;3.101602;0.155869;,
   -0.766421;2.938353;0.207190;,
   -0.620594;3.109707;0.286226;,
   -0.675406;3.101602;0.155869;,
   -0.766421;2.938353;0.207190;,
   0.000000;2.988822;0.673407;,
   -0.004002;2.747252;0.858620;,
   -0.617971;3.220884;-0.128599;,
   -0.623712;3.234615;-0.005218;,
   -0.611203;3.239409;0.120966;,
   -0.611203;3.239409;0.120966;,
   -0.569603;3.235175;0.237935;,
   -0.510741;3.206168;0.332435;,
   -0.513115;2.743510;0.646839;,
   -0.731805;2.706098;0.475359;,
   -0.879525;2.700263;0.250258;,
   -0.892364;2.726775;0.003210;,
   -0.879525;2.700263;0.250258;,
   -0.877120;2.788357;-0.200423;,
   -0.736832;2.909102;-0.370860;,
   0.000340;4.376872;0.469043;,
   0.407476;4.588188;-0.508885;,
   0.348256;4.606229;-0.553232;,
   0.400902;4.704484;-0.457597;,
   0.348368;4.746030;-0.495843;,
   0.173055;4.818785;-0.570959;,
   0.143459;4.644644;-0.629064;,
   0.275139;4.806642;-0.517081;,
   0.262422;4.634525;-0.600317;,
   0.371937;3.623274;-0.365821;,
   0.420022;3.465512;-0.373919;,
   0.300152;3.608420;-0.460137;,
   0.331491;3.444122;-0.471247;,
   0.108661;3.402527;-0.585066;,
   0.104058;3.582533;-0.583452;,
   0.222535;3.420084;-0.540422;,
   0.207061;3.594036;-0.531196;,
   0.408299;4.829832;-0.377566;,
   0.364699;4.856972;-0.439270;,
   0.436778;4.970333;-0.210403;,
   0.425782;4.906468;-0.320901;,
   0.384478;5.005754;-0.236201;,
   0.375551;4.936417;-0.357817;,
   0.436540;5.010985;0.071476;,
   0.422224;5.016010;-0.065771;,
   0.387884;5.056458;0.061663;,
   0.381558;5.048924;-0.085080;,
   0.464513;4.977571;0.174499;,
   0.401693;5.020802;0.173586;,
   0.493381;4.916963;0.219615;,
   0.412894;4.967160;0.235552;,
   0.523420;4.844960;0.280159;,
   0.510407;4.884769;0.245646;,
   0.429612;4.850498;0.330571;,
   0.423493;4.915616;0.280789;,
   0.529513;4.738824;0.294694;,
   0.427165;4.740482;0.363106;,
   0.519509;4.599202;0.279903;,
   0.413820;4.577732;0.366168;,
   0.148895;4.562018;0.460012;,
   0.284006;4.579566;0.411757;,
   0.164611;4.744835;0.445417;,
   0.307846;4.781551;0.407546;,
   0.389680;3.488973;0.239718;,
   0.309154;3.461276;0.313915;,
   0.436480;3.330856;0.274045;,
   0.364674;3.287709;0.364895;,
   0.216865;3.435346;0.383355;,
   0.107896;3.420101;0.435540;,
   0.255427;3.235779;0.443344;,
   0.127658;3.209026;0.507984;,
   0.513344;4.435136;0.271889;,
   0.392881;4.398988;0.356890;,
   0.430021;4.200473;0.251245;,
   0.353412;4.198213;0.340756;,
   0.122131;4.193807;0.428451;,
   0.241040;4.196567;0.393641;,
   0.138351;4.377318;0.459357;,
   0.269366;4.387776;0.419511;,
   0.372857;3.828702;0.228255;,
   0.302213;3.824933;0.308126;,
   0.375895;3.657036;0.232925;,
   0.300164;3.643808;0.308166;,
   0.208786;3.818848;0.366380;,
   0.108536;3.813536;0.416207;,
   0.207188;3.629691;0.369465;,
   0.105379;3.619909;0.415886;,
   0.378273;3.783694;-0.394612;,
   0.309016;3.772392;-0.491337;,
   0.377747;3.947663;-0.419571;,
   0.313392;3.940686;-0.516223;,
   0.114570;3.753418;-0.626340;,
   0.115969;3.929668;-0.645439;,
   0.219541;3.761694;-0.569986;,
   0.223772;3.934008;-0.594402;,
   0.488791;3.489061;-0.267224;,
   0.437540;3.638128;-0.268584;,
   0.421503;3.793403;-0.284626;,
   0.432924;3.950526;-0.311733;,
   0.442529;4.591159;-0.479921;,
   0.497061;4.325942;-0.401595;,
   0.443447;4.122348;-0.343229;,
   0.408650;4.291230;-0.480155;,
   0.388621;4.117655;-0.447050;,
   0.329057;4.282854;-0.555887;,
   0.311249;4.113075;-0.530415;,
   0.136020;4.285385;-0.700708;,
   0.244382;4.283358;-0.634650;,
   0.123516;4.105772;-0.673308;,
   0.234851;4.106927;-0.619574;,
   0.484445;4.440765;-0.458766;,
   0.406342;4.441969;-0.499464;,
   0.334650;4.447568;-0.561367;,
   0.139413;4.470282;-0.685328;,
   0.246666;4.458427;-0.622832;,
   0.475395;3.514257;0.174190;,
   0.434827;3.664736;0.146561;,
   0.387098;4.007749;0.234273;,
   0.435659;3.991271;0.144330;,
   0.423796;3.825694;0.139394;,
   0.520940;4.345582;0.196282;,
   0.456420;4.165056;0.159356;,
   0.314404;4.009922;0.311638;,
   0.223528;4.006450;0.380337;,
   0.112033;4.004350;0.416552;,
   0.545115;3.521752;-0.037769;,
   0.519879;3.505646;-0.151192;,
   0.497016;3.661976;-0.051239;,
   0.476777;3.651290;-0.160817;,
   0.488154;3.808982;-0.063239;,
   0.460290;3.800119;-0.174807;,
   0.482065;3.955110;-0.070372;,
   0.458281;3.948715;-0.191132;,
   0.505563;3.363668;0.192173;,
   0.588795;3.378288;-0.021822;,
   0.582473;3.365188;-0.143576;,
   0.489215;3.307315;-0.392041;,
   0.554876;3.338049;-0.264990;,
   0.378333;3.281441;-0.505484;,
   0.115425;3.209240;-0.616504;,
   0.244850;3.241746;-0.577953;,
   0.563717;3.378968;0.095089;,
   0.533589;3.526459;0.076730;,
   0.477916;3.665997;0.053392;,
   0.476272;3.817886;0.047476;,
   0.470404;3.969285;0.044467;,
   0.501514;4.241372;0.082944;,
   0.471426;4.116764;0.054565;,
   0.563717;3.378968;0.095089;,
   0.533589;3.526459;0.076730;,
   0.477916;3.665997;0.053392;,
   0.476272;3.817886;0.047476;,
   0.470404;3.969285;0.044467;,
   0.471115;4.097550;-0.069781;,
   0.464247;4.096592;-0.210057;,
   0.502756;4.225035;-0.055503;,
   0.507362;4.217343;-0.236300;,
   0.295567;4.888872;-0.480575;,
   0.317016;4.956023;-0.387119;,
   0.322070;5.014484;-0.269466;,
   0.309487;5.079068;0.034002;,
   0.318300;5.068924;-0.097093;,
   0.327060;5.051030;0.182081;,
   0.335348;5.006810;0.268020;,
   0.342794;4.944731;0.316353;,
   0.330594;4.888132;0.342578;,
   0.381558;5.048924;-0.085080;,
   0.318300;5.068924;-0.097093;,
   0.422224;5.016010;-0.065771;,
   0.481846;2.992769;-0.615633;,
   0.429062;3.119325;-0.551426;,
   0.606334;2.964312;-0.498855;,
   0.575801;3.130271;-0.402712;,
   0.122994;2.803326;-0.888989;,
   0.128534;3.024388;-0.741316;,
   0.288039;2.865743;-0.796564;,
   0.273123;3.064244;-0.669307;,
   0.647966;2.974844;0.378248;,
   0.569215;3.112525;0.367109;,
   0.499822;2.978268;0.517891;,
   0.456412;3.124680;0.429294;,
   0.343621;3.030641;0.558769;,
   0.153798;3.014814;0.672509;,
   0.349189;2.811055;0.742224;,
   0.125539;2.760491;0.858858;,
   0.625497;3.175234;-0.244175;,
   0.677544;3.051635;-0.293919;,
   0.672057;3.119544;-0.128759;,
   0.748919;2.974691;-0.151526;,
   0.694267;3.103990;0.008688;,
