xof 0303txt 0032
template AnimTicksPerSecond {
 <9e415a43-7ba6-4a73-8743-b73d47e88476>
 DWORD AnimTicksPerSecond;
}

template Frame {
 <3d82ab46-62da-11cf-ab39-0020af71e433>
 [...]
}

template Matrix4x4 {
 <f6f23f45-7686-11cf-8f52-0040333594a3>
 array FLOAT matrix[16];
}

template FrameTransformMatrix {
 <f6f23f41-7686-11cf-8f52-0040333594a3>
 Matrix4x4 frameMatrix;
}

template Vector {
 <3d82ab5e-62da-11cf-ab39-0020af71e433>
 FLOAT x;
 FLOAT y;
 FLOAT z;
}

template MeshFace {
 <3d82ab5f-62da-11cf-ab39-0020af71e433>
 DWORD nFaceVertexIndices;
 array DWORD faceVertexIndices[nFaceVertexIndices];
}

template Mesh {
 <3d82ab44-62da-11cf-ab39-0020af71e433>
 DWORD nVertices;
 array Vector vertices[nVertices];
 DWORD nFaces;
 array MeshFace faces[nFaces];
 [...]
}

template MeshNormals {
 <f6f23f43-7686-11cf-8f52-0040333594a3>
 DWORD nNormals;
 array Vector normals[nNormals];
 DWORD nFaceNormals;
 array MeshFace faceNormals[nFaceNormals];
}

template Coords2d {
 <f6f23f44-7686-11cf-8f52-0040333594a3>
 FLOAT u;
 FLOAT v;
}

template MeshTextureCoords {
 <f6f23f40-7686-11cf-8f52-0040333594a3>
 DWORD nTextureCoords;
 array Coords2d textureCoords[nTextureCoords];
}

template ColorRGBA {
 <35ff44e0-6c7c-11cf-8f52-0040333594a3>
 FLOAT red;
 FLOAT green;
 FLOAT blue;
 FLOAT alpha;
}

template ColorRGB {
 <d3e16e81-7835-11cf-8f52-0040333594a3>
 FLOAT red;
 FLOAT green;
 FLOAT blue;
}

template Material {
 <3d82ab4d-62da-11cf-ab39-0020af71e433>
 ColorRGBA faceColor;
 FLOAT power;
 ColorRGB specularColor;
 ColorRGB emissiveColor;
 [...]
}

template MeshMaterialList {
 <f6f23f42-7686-11cf-8f52-0040333594a3>
 DWORD nMaterials;
 DWORD nFaceIndexes;
 array DWORD faceIndexes[nFaceIndexes];
 [Material <3d82ab4d-62da-11cf-ab39-0020af71e433>]
}

template TextureFilename {
 <a42790e1-7810-11cf-8f52-0040333594a3>
 STRING filename;
}

template VertexDuplicationIndices {
 <b8d65549-d7c9-4995-89cf-53a9a8b031e3>
 DWORD nIndices;
 DWORD nOriginalVertices;
 array DWORD indices[nIndices];
}

template XSkinMeshHeader {
 <3cf169ce-ff7c-44ab-93c0-f78f62d172e2>
 WORD nMaxSkinWeightsPerVertex;
 WORD nMaxSkinWeightsPerFace;
 WORD nBones;
}

template SkinWeights {
 <6f0d123b-bad2-4167-a0d0-80224f25fabb>
 STRING transformNodeName;
 DWORD nWeights;
 array DWORD vertexIndices[nWeights];
 array FLOAT weights[nWeights];
 Matrix4x4 matrixOffset;
}

template Animation {
 <3d82ab4f-62da-11cf-ab39-0020af71e433>
 [...]
}

template AnimationSet {
 <3d82ab50-62da-11cf-ab39-0020af71e433>
 [Animation <3d82ab4f-62da-11cf-ab39-0020af71e433>]
}

template FloatKeys {
 <10dd46a9-775b-11cf-8f52-0040333594a3>
 DWORD nValues;
 array FLOAT values[nValues];
}

template TimedFloatKeys {
 <f406b180-7b3b-11cf-8f52-0040333594a3>
 DWORD time;
 FloatKeys tfkeys;
}

template AnimationKey {
 <10dd46a8-775b-11cf-8f52-0040333594a3>
 DWORD keyType;
 DWORD nKeys;
 array TimedFloatKeys keys[nKeys];
}


AnimTicksPerSecond {
 4800;
}

Frame {
 

 FrameTransformMatrix {
  1.000000,0.000000,0.000000,0.000000,0.000000,1.000000,0.000000,0.000000,0.000000,0.000000,1.000000,0.000000,0.000000,0.000000,0.000000,1.000000;;
 }

 Frame Dummy002 {
  

  FrameTransformMatrix {
   0.515038,0.000000,-0.857167,0.000000,0.000000,1.000000,0.000000,0.000000,0.857167,0.000000,0.515038,0.000000,0.000000,40.234787,-0.000002,1.000000;;
  }

  Frame Bip001 {
   

   FrameTransformMatrix {
    -0.026176,0.000000,-0.999658,0.000000,0.000000,1.000000,0.000000,0.000000,0.999658,0.000000,-0.026176,0.000000,0.000000,-0.020664,0.000002,1.000000;;
   }

   Frame Bip001_Pelvis {
    

    FrameTransformMatrix {
     0.000000,1.000000,-0.000001,0.000000,-0.000001,0.000001,1.000000,0.000000,1.000000,0.000000,0.000001,0.000000,0.000000,0.000000,0.000000,1.000000;;
    }

    Frame Bip001_Spine {
     

     FrameTransformMatrix {
      1.000000,0.000001,0.000796,0.000000,-0.000001,1.000000,0.000004,0.000000,-0.000796,-0.000004,1.000000,0.000000,4.883434,0.000007,-0.008462,1.000000;;
     }

     Frame Bip001_L_Thigh {
      

      FrameTransformMatrix {
       -0.978326,0.178515,0.104931,0.000000,-0.180977,-0.983383,-0.014350,0.000000,0.100626,-0.033029,0.994376,0.000000,-4.883423,5.645820,0.012337,1.000000;;
      }

      Frame Bip001_L_Calf {
       

       FrameTransformMatrix {
        0.980067,-0.000000,-0.198669,0.000000,0.000000,1.000000,0.000000,0.000000,0.198669,0.000000,0.980067,0.000000,16.918522,0.000000,0.000000,1.000000;;
       }

       Frame Bip001_L_Foot {
        

        FrameTransformMatrix {
         0.978740,0.180966,0.096535,0.000000,-0.196405,0.962549,0.186882,0.000000,-0.059101,-0.201869,0.977628,0.000000,17.294962,0.000000,0.000000,1.000000;;
        }

        Frame Bip001_L_Toe0 {
         

         FrameTransformMatrix {
          -0.000000,0.000000,1.000000,0.000000,0.000000,1.000000,-0.000000,0.000000,-1.000000,0.000000,0.000000,0.000000,5.957471,0.000000,13.084886,1.000000;;
         }
        }
       }
      }

      Frame Bip001_LCalfTwist {
       

       FrameTransformMatrix {
        0.980067,-0.000000,-0.198669,0.000000,0.012691,0.997958,0.062606,0.000000,0.198263,-0.063879,0.978065,0.000000,16.918522,0.000000,0.000000,1.000000;;
       }

       Frame Bip001_LCalfTwist1 {
        

        FrameTransformMatrix {
         1.000000,-0.000000,0.000000,0.000000,0.000000,0.997958,0.063879,0.000000,0.000000,-0.063879,0.997958,0.000000,8.647482,-0.000001,0.000000,1.000000;;
        }
       }
      }
     }

     Frame Bip001_R_Thigh {
      

      FrameTransformMatrix {
       -0.972549,-0.210886,0.098363,0.000000,0.209815,-0.977511,-0.021218,0.000000,0.100626,0.000003,0.994924,0.000000,-4.883423,-5.645820,0.012368,1.000000;;
      }

      Frame Bip001_R_Calf {
       

       FrameTransformMatrix {
        0.980067,0.000000,-0.198669,0.000000,0.000000,1.000000,0.000000,0.000000,0.198669,-0.000000,0.980067,0.000000,16.918518,-0.000001,0.000001,1.000000;;
       }

       Frame Bip001_R_Foot {
        

        FrameTransformMatrix {
         0.973073,-0.209832,0.095388,0.000000,0.225227,0.953568,-0.199953,0.000000,-0.049002,0.216053,0.975151,0.000000,17.294962,0.000001,0.000000,1.000000;;
        }

        Frame Bip001_R_Toe0 {
         

         FrameTransformMatrix {
          -0.000000,0.000000,1.000000,0.000000,-0.000000,1.000000,-0.000000,0.000000,-1.000000,-0.000000,0.000000,0.000000,5.957470,0.000000,13.084886,1.000000;;
         }
        }
       }
      }

      Frame Bip001_RCalfTwist {
       

       FrameTransformMatrix {
        0.980067,0.000000,-0.198669,0.000000,-0.013677,0.997628,-0.067472,0.000000,0.198198,0.068844,0.977741,0.000000,16.918518,-0.000001,0.000001,1.000000;;
       }

       Frame Bip001_RCalfTwist1 {
        

        FrameTransformMatrix {
         1.000000,0.000000,0.000000,0.000000,0.000000,0.997627,-0.068844,0.000000,0.000000,0.068844,0.997627,0.000000,8.647480,0.000000,-0.000000,1.000000;;
        }
       }
      }
     }

     Frame Bip001_Spine1 {
      

      FrameTransformMatrix {
       1.000000,0.000000,0.000000,0.000000,-0.000000,1.000000,-0.000000,0.000000,0.000000,0.000000,1.000000,0.000000,10.629440,-0.000000,-0.015611,1.000000;;
      }

      Frame Bip001_Neck {
       

       FrameTransformMatrix {
        0.933627,-0.000002,-0.358245,0.000000,0.000001,1.000000,-0.000000,0.000000,0.358246,-0.000000,0.933627,0.000000,19.604314,-0.000000,-0.000910,1.000000;;
       }

       Frame Bip001_Head {
        

        FrameTransformMatrix {
         0.933913,0.000001,0.357501,0.000000,0.172675,0.875617,-0.451086,0.000000,-0.313034,0.483006,0.817750,0.000000,1.223763,0.000000,0.000000,1.000000;;
        }
       }

       Frame Bip001_L_Clavicle {
        

        FrameTransformMatrix {
         -0.295424,0.948649,-0.113091,0.000000,0.885955,0.316331,0.339143,0.000000,0.357502,-0.000002,-0.933912,0.000000,-7.696922,3.801070,-1.870678,1.000000;;
        }

        Frame Bip001_L_UpperArm {
         

         FrameTransformMatrix {
          0.738983,-0.423690,0.523822,0.000000,0.483331,0.875054,0.025921,0.000000,-0.469355,0.234024,0.851433,0.000000,5.884838,0.000000,0.000000,1.000000;;
         }

         Frame Bip001_L_Forearm {
          

          FrameTransformMatrix {
           0.804122,0.000000,-0.594464,0.000000,0.000000,1.000000,0.000000,0.000000,0.594464,-0.000000,0.804122,0.000000,9.662066,0.000000,0.000000,1.000000;;
          }

          Frame Bip001_L_Hand {
           

           FrameTransformMatrix {
            0.982954,0.143316,0.115160,0.000000,-0.116474,0.000788,0.993193,0.000000,0.142250,-0.989677,0.017467,0.000000,11.083302,-0.000004,0.000002,1.000000;;
           }
          }
         }

         Frame Bip001_L_ForeTwist {
          

          FrameTransformMatrix {
           0.804122,0.000000,-0.594464,0.000000,-0.000157,1.000000,-0.000213,0.000000,0.594464,0.000264,0.804122,0.000000,9.662066,0.000000,0.000000,1.000000;;
          }

          Frame Bip001_L_ForeTwist1 {
           

           FrameTransformMatrix {
            1.000000,-0.000000,0.000000,0.000000,0.000000,1.000000,-0.000264,0.000000,0.000000,0.000265,1.000000,0.000000,5.541651,0.000000,-0.000001,1.000000;;
           }
          }
         }
        }

        Frame Bip001_LUpArmTwist {
         

         FrameTransformMatrix {
          0.738983,-0.423690,0.523822,0.000000,0.544821,0.833189,-0.094687,0.000000,-0.396325,0.355361,0.846549,0.000000,5.884838,0.000000,0.000000,1.000000;;
         }

         Frame Bip001_LUpArmTwist1 {
          

          FrameTransformMatrix {
           1.000000,0.000000,0.000000,0.000000,0.000000,0.997487,0.070852,0.000000,0.000000,-0.070852,0.997487,0.000000,4.831036,0.000000,0.000002,1.000000;;
          }
         }
        }
       }

       Frame Bip001_R_Clavicle {
        

        FrameTransformMatrix {
         -0.202088,-0.976307,-0.077357,0.000000,-0.911786,0.216388,-0.349032,0.000000,0.357502,-0.000002,-0.933912,0.000000,-7.701198,-3.587724,-1.872284,1.000000;;
        }

        Frame Bip001_R_UpperArm {
         

         FrameTransformMatrix {
          0.645334,0.616318,0.451327,0.000000,-0.699212,0.714510,0.024062,0.000000,-0.307648,-0.331102,0.892034,0.000000,5.884843,0.000008,0.000000,1.000000;;
         }

         Frame Bip001_R_Forearm {
          

          FrameTransformMatrix {
           0.559421,0.000000,-0.828883,0.000000,0.000000,1.000000,-0.000000,0.000000,0.828883,0.000000,0.559421,0.000000,9.662060,-0.000004,0.000002,1.000000;;
          }

          Frame Bip001_R_Hand {
           

           FrameTransformMatrix {
            0.993207,-0.000000,0.116361,0.000000,0.116361,0.000796,-0.993207,0.000000,-0.000093,1.000000,0.000791,0.000000,11.083306,0.000000,0.000002,1.000000;;
           }

           Frame Bip001_R_Finger0 {
            

            FrameTransformMatrix {
             1.000000,-0.000000,0.000000,0.000000,0.000000,1.000000,-0.000796,0.000000,0.000000,0.000796,1.000000,0.000000,10.159304,0.000001,-0.000004,1.000000;;
            }
           }
          }
         }

         Frame Bip001_R_ForeTwist {
          

          FrameTransformMatrix {
           0.559421,0.000000,-0.828883,0.000000,0.000222,1.000000,0.000150,0.000000,0.828883,-0.000267,0.559421,0.000000,9.662060,-0.000004,0.000002,1.000000;;
          }

          Frame Bip001_R_ForeTwist1 {
           

           FrameTransformMatrix {
            1.000000,-0.000000,0.000000,0.000000,0.000000,1.000000,0.000267,0.000000,0.000000,-0.000267,1.000000,0.000000,5.541653,0.000000,-0.000002,1.000000;;
           }
          }
         }
        }

        Frame Bip001_RUpArmTwist {
         

         FrameTransformMatrix {
          0.645334,0.616318,0.451327,0.000000,-0.715305,0.694899,0.073852,0.000000,-0.268111,-0.370496,0.889297,0.000000,5.884843,0.000008,0.000000,1.000000;;
         }

         Frame Bip001_RUpArmTwist1 {
          

          FrameTransformMatrix {
           1.000000,-0.000000,0.000000,0.000000,-0.000000,0.999610,-0.027940,0.000000,0.000000,0.027940,0.999610,0.000000,4.831032,0.000000,0.000000,1.000000;;
          }
         }
        }
       }
      }
     }

     Frame Bip001_LThighTwist {
      

      FrameTransformMatrix {
       -0.978326,0.178515,0.104931,0.000000,-0.179438,-0.983769,0.000660,0.000000,0.103346,-0.018183,0.994479,0.000000,-4.883423,5.645820,0.012337,1.000000;;
      }

      Frame Bip001_LThighTwist1 {
       

       FrameTransformMatrix {
        1.000000,0.000000,0.000000,0.000000,-0.000000,0.999972,-0.007547,0.000000,0.000000,0.007547,0.999972,0.000000,8.459261,0.000000,0.000000,1.000000;;
       }
      }
     }

     Frame Bip001_RThighTwist {
      

      FrameTransformMatrix {
       -0.972549,-0.210886,0.098363,0.000000,0.210497,-0.977488,-0.014436,0.000000,0.099193,0.006666,0.995046,0.000000,-4.883423,-5.645820,0.012368,1.000000;;
      }

      Frame Bip001_RThighTwist1 {
       

       FrameTransformMatrix {
        1.000000,-0.000000,0.000000,0.000000,0.000000,0.999994,-0.003408,0.000000,-0.000000,0.003408,0.999994,0.000000,8.459259,0.000001,0.000000,1.000000;;
       }
      }
     }
    }
   }

   Frame Bip001_Prop1 {
    

    FrameTransformMatrix {
     -0.276185,-0.381960,0.881946,0.000000,0.871042,-0.487315,0.061720,0.000000,0.406210,0.785259,0.467292,0.000000,-2.911520,8.966904,-20.638282,1.000000;;
    }
   }
  }
 }

 Frame character_07 {
  

  FrameTransformMatrix {
   5.798800,0.000000,0.000000,0.000000,0.000000,5.798800,0.000000,0.000000,0.000000,0.000000,5.798800,0.000000,0.000000,0.000000,-0.000000,1.000000;;
  }

  Mesh character_07 {
   2434;
   -6.183243;11.843818;-1.462671;,
   -5.825516;11.596085;-1.462671;,
   -6.183243;11.953842;-2.038442;,
   -5.628952;11.596085;-2.038442;,
   -5.930199;11.412754;1.126799;,
   -5.930199;11.651333;1.126799;,
   -6.183106;11.412754;1.126799;,
   -6.183106;11.768276;1.126799;,
   -6.183243;10.981691;-1.462671;,
   -6.183243;10.871658;-2.038442;,
   -5.825516;11.229418;-1.462671;,
   -5.628952;11.229418;-2.038442;,
   -4.936813;11.412754;-2.463060;,
   -5.200775;11.598430;-2.317461;,
   -4.936813;11.412754;-2.108097;,
   -5.200775;11.598430;-1.852323;,
   -7.429672;11.412754;-2.463060;,
   -7.429672;11.412754;-2.108097;,
   -7.165710;11.598430;-2.317461;,
   -7.165710;11.598430;-1.852323;,
   -6.183243;11.079078;-2.038442;,
   -5.867020;11.234366;-2.038442;,
   -6.183243;10.871658;-2.038442;,
   -5.628952;11.229418;-2.038442;,
   -5.628952;11.596085;-2.038442;,
   -5.867020;11.591139;-2.038442;,
   -6.183243;11.953842;-2.038442;,
   -6.183243;11.746426;-2.038442;,
   -6.499466;11.234366;-2.038442;,
   -6.737533;11.229418;-2.038442;,
   -6.499466;11.591139;-2.038442;,
   -6.737533;11.596085;-2.038442;,
   -6.182791;11.412741;-8.695254;,
   -5.568863;11.167479;-5.905733;,
   -6.180862;11.045422;-5.905733;,
   -5.867020;11.591139;-2.038442;,
   -5.867020;11.234366;-2.038442;,
   -5.568207;11.657886;-5.889437;,
   -6.183243;11.746426;-2.038442;,
   -6.180862;11.780265;-5.889437;,
   -6.499466;11.591139;-2.038442;,
   -6.800362;11.660626;-5.889437;,
   -6.499466;11.234366;-2.038442;,
   -6.800362;11.164752;-5.895876;,
   -6.183243;11.667084;-1.462671;,
   -5.972183;11.583430;-1.462671;,
   -6.183243;11.843818;-1.462671;,
   -5.825516;11.596085;-1.462671;,
   -5.825516;11.412754;-1.392874;,
   -5.972183;11.412754;-1.392874;,
   -5.825516;11.229418;-1.462671;,
   -5.972183;11.242085;-1.462671;,
   -6.183243;10.981691;-1.462671;,
   -6.183243;11.158428;-1.462671;,
   -6.394298;11.412754;-1.392874;,
   -6.394298;11.583430;-1.462671;,
   -6.540966;11.412754;-1.392874;,
   -6.540966;11.596085;-1.462671;,
   -6.183243;11.667084;0.785734;,
   -5.972183;11.583430;0.785734;,
   -5.972183;11.412754;0.785734;,
   -5.972183;11.242085;0.785734;,
   -5.930199;11.174179;1.126799;,
   -6.183243;11.158428;0.785734;,
   -6.183106;11.057236;1.126799;,
   -6.394298;11.412754;0.785734;,
   -6.436289;11.412754;1.126799;,
   -6.394298;11.583430;0.785734;,
   -6.436289;11.651333;1.126799;,
   -6.540966;11.229418;-1.462671;,
   -6.737533;11.229418;-2.038442;,
   -6.394298;11.242085;-1.462671;,
   -6.540966;11.229418;-1.462671;,
   -6.436289;11.174179;1.126799;,
   -6.394298;11.242085;0.785734;,
   -6.737533;11.596085;-2.038442;,
   -6.540966;11.596085;-1.462671;,
   -6.183243;11.079078;-2.038442;,
   -6.180862;11.045422;-5.905733;,
   -5.490982;11.123490;-1.609529;,
   -5.374451;11.123490;-2.198179;,
   -5.200775;11.227074;-1.852323;,
   -5.200775;11.227074;-2.317461;,
   -4.936813;11.412754;-2.108097;,
   -5.200775;11.598430;-1.852323;,
   -5.189652;11.412754;-1.845404;,
   -5.500564;11.702022;-1.604716;,
   -5.434586;11.702022;-2.158607;,
   -4.936813;11.412754;-2.463060;,
   -5.200775;11.227074;-2.317461;,
   -5.389534;11.408570;-2.179670;,
   -5.374451;11.123490;-2.198179;,
   -6.875495;11.123490;-1.609529;,
   -6.992020;11.123490;-2.198179;,
   -6.976936;11.408570;-2.179670;,
   -6.931908;11.702022;-2.158607;,
   -6.865921;11.702022;-1.604716;,
   -6.931908;11.702022;-2.158607;,
   -6.873062;11.412754;-1.529776;,
   -6.865921;11.702022;-1.604716;,
   -4.936813;11.412754;-2.108097;,
   -4.936813;11.412754;-2.463060;,
   -5.200775;11.227074;-1.852323;,
   -6.875495;11.123490;-1.609529;,
   -7.165710;11.227074;-1.852323;,
   -7.429672;11.412754;-2.108097;,
   -7.165710;11.227074;-2.317461;,
   -7.429672;11.412754;-2.463060;,
   -6.992020;11.123490;-2.198179;,
   -5.200775;11.598430;-2.317461;,
   -5.434586;11.702022;-2.158607;,
   -6.394298;11.583430;-1.462671;,
   -6.183243;11.667084;-1.462671;,
   -5.972183;11.583430;-1.462671;,
   -5.972183;11.412754;-1.392874;,
   -5.972183;11.242085;-1.462671;,
   -6.183243;11.158428;-1.462671;,
   -6.394298;11.242085;-1.462671;,
   -6.394298;11.412754;-1.392874;,
   -7.165710;11.598430;-1.852323;,
   -7.176834;11.412754;-1.845404;,
   -7.165710;11.598430;-2.317461;,
   -7.429672;11.412754;-2.463060;,
   -5.500564;11.702022;-1.604716;,
   -5.493424;11.412754;-1.529776;,
   -7.165710;11.227074;-2.317461;,
   -7.165710;11.227074;-1.852323;,
   -5.490982;11.123490;-1.609529;,
   -7.429672;11.412754;-2.108097;,
   -6.183243;11.079078;-2.038442;,
   1.681816;1.853589;0.334216;,
   1.791988;3.187998;0.390676;,
   1.562507;1.853589;0.602882;,
   1.595185;3.187998;0.700439;,
   1.383935;1.853589;0.759805;,
   1.410421;3.179023;0.889955;,
   1.201746;1.853589;0.816222;,
   1.219416;3.187998;0.974094;,
   1.057105;1.853589;0.759805;,
   1.030618;3.179023;0.889955;,
   0.878532;1.853589;0.602885;,
   0.845855;3.187998;0.700442;,
   0.759219;1.853589;0.334218;,
   0.649056;3.187998;0.390677;,
   0.717335;1.853589;0.005073;,
   0.606810;3.187998;-0.032008;,
   0.781619;1.853589;-0.273796;,
   0.696838;3.187998;-0.367447;,
   0.933332;1.853589;-0.420838;,
   0.831509;3.187998;-0.659902;,
   1.057105;1.853589;-0.577752;,
   1.024240;3.187997;-0.865720;,
   1.220519;1.853589;-0.632863;,
   1.220525;3.187997;-0.940455;,
   1.383933;1.853589;-0.577752;,
   1.416798;3.187997;-0.865723;,
   1.507710;1.853589;-0.420840;,
   1.609535;3.187998;-0.659902;,
   1.659423;1.853589;-0.273795;,
   1.744199;3.187998;-0.367447;,
   1.723702;1.853589;0.005073;,
   1.834232;3.187998;-0.032009;,
   1.672129;0.005122;0.663699;,
   1.220519;0.005122;-0.294752;,
   1.858290;0.005122;0.216743;,
   1.462905;0.005122;0.872362;,
   1.220518;0.005122;0.995436;,
   0.978135;0.005122;0.872354;,
   0.768910;0.005122;0.663690;,
   0.582747;0.005122;0.216744;,
   0.527132;0.005122;-0.294746;,
   0.582747;0.005121;-0.913413;,
   0.741117;0.005121;-1.437898;,
   0.978133;0.005121;-1.788341;,
   1.220519;0.005121;-1.911396;,
   1.462904;0.005121;-1.788363;,
   1.699920;0.005121;-1.437919;,
   1.858290;0.005121;-0.913413;,
   1.913906;0.005122;-0.294747;,
   1.791988;3.187998;0.390676;,
   1.220519;3.187998;0.018942;,
   1.595185;3.187998;0.700439;,
   1.410421;3.179023;0.889955;,
   1.219416;3.187998;0.974094;,
   1.030618;3.179023;0.889955;,
   0.845855;3.187998;0.700442;,
   0.649056;3.187998;0.390677;,
   0.606810;3.187998;-0.032008;,
   0.696838;3.187998;-0.367447;,
   0.831509;3.187998;-0.659902;,
   1.024240;3.187997;-0.865720;,
   1.220525;3.187997;-0.940455;,
   1.416798;3.187997;-0.865723;,
   1.609535;3.187998;-0.659902;,
   1.744199;3.187998;-0.367447;,
   1.834232;3.187998;-0.032009;,
   1.641753;1.054743;0.305110;,
   1.524076;1.063454;0.548034;,
   1.389663;1.049979;0.724589;,
   1.220519;1.043972;0.785160;,
   1.051376;1.049979;0.724589;,
   0.916964;1.063454;0.548034;,
   0.799279;1.054743;0.305110;,
   0.762337;1.078373;0.004634;,
   0.816232;1.093638;-0.282944;,
   0.956739;1.050765;-0.481828;,
   1.072921;1.025680;-0.603463;,
   1.220519;1.007257;-0.675964;,
   1.368119;1.025680;-0.603463;,
   1.484298;1.050765;-0.481828;,
   1.624807;1.093638;-0.282944;,
   1.678702;1.078373;0.004634;,
   1.691109;0.468017;0.696942;,
   1.672129;0.005122;0.663699;,
   1.849441;0.452235;0.255189;,
   1.858290;0.005122;0.216743;,
   1.491834;0.429069;0.881607;,
   1.462905;0.005122;0.872362;,
   1.220519;0.457259;1.012237;,
   1.220518;0.005122;0.995436;,
   0.949204;0.429069;0.881599;,
   0.978135;0.005122;0.872354;,
   0.749930;0.468017;0.696947;,
   0.768910;0.005122;0.663690;,
   0.591599;0.452235;0.255189;,
   0.582747;0.005122;0.216744;,
   0.530577;0.452850;-0.191124;,
   0.527132;0.005122;-0.294746;,
   0.580739;0.466422;-0.775553;,
   0.582747;0.005121;-0.913413;,
   0.734608;0.473278;-1.236696;,
   0.741117;0.005121;-1.437898;,
   0.952187;0.530951;-1.596349;,
   0.978133;0.005121;-1.788341;,
   1.220519;0.544900;-1.738570;,
   1.220519;0.005121;-1.911396;,
   1.488852;0.530951;-1.596349;,
   1.462904;0.005121;-1.788363;,
   1.706431;0.473278;-1.236693;,
   1.699920;0.005121;-1.437919;,
   1.860301;0.466422;-0.775553;,
   1.858290;0.005121;-0.913413;,
   1.910462;0.452850;-0.191125;,
   1.913906;0.005122;-0.294747;,
   -2.264271;6.392273;0.616639;,
   -2.467106;5.814892;0.729683;,
   -2.194774;5.998665;1.150120;,
   -1.082983;5.814898;2.422353;,
   -0.474896;5.962762;2.436728;,
   -0.927555;6.392274;1.945684;,
   -2.030555;6.392273;-1.069268;,
   -2.462263;5.927678;-1.293237;,
   -2.470725;6.045101;-0.812195;,
   -1.957206;5.814898;1.602981;,
   -1.514258;5.962760;1.909379;,
   -1.638856;6.392273;1.397781;,
   -0.881750;6.392272;-2.347937;,
   -1.198635;5.752126;-2.695732;,
   -1.560910;5.910581;-2.341756;,
   -1.937506;5.799928;-2.011114;,
   -2.177248;5.987043;-1.660110;,
   -1.650200;6.392272;-1.726005;,
   -2.325749;6.392273;-0.264276;,
   -2.499776;5.814898;-0.327395;,
   -2.467773;6.000309;0.200151;,
   -2.310665;4.998592;-2.042913;,
   -2.749107;5.142211;-0.991135;,
   -2.837610;5.012382;0.082797;,
   -2.553717;5.142211;1.308814;,
   -1.870582;5.012382;2.182563;,
   -0.421081;4.998592;-3.332103;,
   -0.627646;5.935304;-2.746796;,
   0.000000;5.686247;-3.062771;,
   -1.570029;5.142210;-2.732792;,
   0.000000;5.111762;-3.336858;,
   -0.820342;5.142210;-3.231882;,
   -1.181013;4.998592;-3.043379;,
   -1.886772;4.998592;-2.550964;,
   -2.142711;5.142210;-2.251364;,
   -2.527778;5.142210;-1.668854;,
   -2.723104;4.998592;-1.391567;,
   -2.813543;5.012382;-0.642706;,
   -2.828780;5.142211;-0.228781;,
   -2.816835;5.142211;0.500883;,
   -2.754655;5.012382;0.880540;,
   -2.389694;5.012382;1.609886;,
   -2.121444;5.142212;1.927709;,
   -1.552997;5.142212;2.506454;,
   -1.282416;5.012382;2.735391;,
   -0.412677;5.012382;3.111869;,
   -0.819564;5.142212;3.007702;,
   -0.000000;5.603765;2.836282;,
   0.000000;5.804009;2.698225;,
   0.000000;6.392274;2.223624;,
   0.000000;6.309534;2.292087;,
   -1.391068;7.249363;-1.431649;,
   -1.754816;7.249363;-0.834559;,
   -1.903440;7.249363;-0.161845;,
   -1.812961;7.249363;0.479122;,
   -1.458908;7.249363;1.092050;,
   -0.834457;7.249363;1.525974;,
   -0.792501;7.249362;-1.866142;,
   0.000000;7.249362;-2.033523;,
   -0.000000;6.357328;-2.495743;,
   0.000000;9.368736;-0.090852;,
   0.000000;7.249363;1.738376;,
   -1.851589;4.785076;1.492699;,
   -0.492788;4.785075;-2.863353;,
   0.000000;4.785075;-2.994144;,
   -2.179587;4.785075;0.868445;,
   -2.274827;4.785075;0.223281;,
   -0.722089;4.785055;2.473924;,
   -1.386139;4.785060;2.081324;,
   -1.096105;4.785075;-2.493819;,
   -2.221923;4.785075;-0.990929;,
   -1.993551;4.785075;-1.620666;,
   -2.361853;4.785075;-0.387618;,
   -1.628480;4.785075;-2.058990;,
   0.000000;4.809539;2.636741;,
   -0.492788;4.785075;-2.863353;,
   0.000000;4.785075;-2.994144;,
   0.000000;7.931889;-0.186815;,
   -1.096105;4.785075;-2.493819;,
   -1.628480;4.785075;-2.058990;,
   -1.993551;4.785075;-1.620666;,
   -2.221923;4.785075;-0.990929;,
   -2.361853;4.785075;-0.387618;,
   -2.274827;4.785075;0.223281;,
   -2.179587;4.785075;0.868445;,
   -1.851589;4.785076;1.492699;,
   -1.386139;4.785060;2.081324;,
   -0.722089;4.785055;2.473924;,
   -0.000000;5.114244;3.160758;,
   0.000000;4.809539;2.636741;,
   2.264271;6.392273;0.616639;,
   2.194774;5.998665;1.150120;,
   2.467106;5.814892;0.729683;,
   1.082983;5.814898;2.422353;,
   0.927555;6.392274;1.945684;,
   0.474896;5.962762;2.436728;,
   2.030555;6.392273;-1.069268;,
   2.470725;6.045101;-0.812195;,
   2.462263;5.927678;-1.293237;,
   1.957206;5.814898;1.602981;,
   1.638856;6.392273;1.397781;,
   1.514258;5.962760;1.909379;,
   0.881750;6.392272;-2.347937;,
   1.560910;5.910581;-2.341756;,
   1.198635;5.752126;-2.695732;,
   1.937506;5.799928;-2.011114;,
   1.650200;6.392272;-1.726005;,
   2.177248;5.987043;-1.660110;,
   2.325749;6.392273;-0.264276;,
   2.467773;6.000309;0.200151;,
   2.499776;5.814898;-0.327395;,
   2.310665;4.998592;-2.042913;,
   2.749107;5.142211;-0.991135;,
   2.837610;5.012382;0.082797;,
   2.553717;5.142211;1.308814;,
   1.870582;5.012382;2.182563;,
   0.421081;4.998592;-3.332103;,
   0.627646;5.935304;-2.746796;,
   1.570029;5.142210;-2.732792;,
   0.820342;5.142210;-3.231882;,
   1.181013;4.998592;-3.043379;,
   1.886772;4.998592;-2.550964;,
   2.142711;5.142210;-2.251364;,
   2.527778;5.142210;-1.668854;,
   2.723104;4.998592;-1.391567;,
   2.813543;5.012382;-0.642706;,
   2.828780;5.142211;-0.228781;,
   2.816835;5.142211;0.500883;,
   2.754655;5.012382;0.880540;,
   2.389694;5.012382;1.609886;,
   2.121444;5.142212;1.927709;,
   1.552997;5.142212;2.506454;,
   1.282416;5.012382;2.735391;,
   0.412677;5.012382;3.111869;,
   0.819564;5.142212;3.007702;,
   -0.000000;5.603765;2.836282;,
   0.000000;5.804009;2.698225;,
   0.000000;6.392274;2.223624;,
   0.000000;6.309534;2.292087;,
   1.391068;7.249363;-1.431649;,
   1.754816;7.249363;-0.834559;,
   1.903440;7.249363;-0.161845;,
   1.812961;7.249363;0.479122;,
   1.458908;7.249363;1.092050;,
   0.834457;7.249363;1.525974;,
   0.792501;7.249362;-1.866142;,
   0.000000;7.249363;1.738376;,
   1.851589;4.785076;1.492699;,
   0.492788;4.785075;-2.863353;,
   2.179587;4.785075;0.868445;,
   2.274827;4.785075;0.223281;,
   1.386139;4.785060;2.081324;,
   0.722089;4.785055;2.473924;,
   1.096105;4.785075;-2.493819;,
   1.993551;4.785075;-1.620666;,
   2.221923;4.785075;-0.990929;,
   2.361853;4.785075;-0.387618;,
   1.628480;4.785075;-2.058990;,
   0.000000;4.809539;2.636741;,
   0.492788;4.785075;-2.863353;,
   1.096105;4.785075;-2.493819;,
   1.628480;4.785075;-2.058990;,
   1.993551;4.785075;-1.620666;,
   2.221923;4.785075;-0.990929;,
   2.361853;4.785075;-0.387618;,
   2.274827;4.785075;0.223281;,
   2.179587;4.785075;0.868445;,
   1.851589;4.785076;1.492699;,
   1.386139;4.785060;2.081324;,
   0.722089;4.785055;2.473924;,
   -0.000000;5.114244;3.160758;,
   -1.018690;11.470470;-1.272212;,
   -1.002254;11.761211;-1.143991;,
   -0.870640;11.515571;-1.383080;,
   -0.870920;11.865074;-1.239607;,
   -0.432637;12.046962;-1.427397;,
   0.000000;12.032669;-1.436524;,
   -0.358648;11.611610;-1.572661;,
   0.000000;11.634098;-1.644682;,
   -0.687846;12.016606;-1.292703;,
   -0.656055;11.586311;-1.500794;,
   -0.828727;8.610304;-1.178117;,
   -1.050055;8.663780;-0.934797;,
   -0.750380;9.021050;-1.150344;,
   -0.929843;9.058184;-0.914553;,
   -0.517653;8.985090;-1.327990;,
   -0.260145;8.956331;-1.458630;,
   -0.556337;8.550209;-1.351055;,
   -0.271654;8.506316;-1.462664;,
   0.000000;8.937643;-1.566619;,
   0.000000;8.493656;-1.551558;,
   -1.020746;12.074581;-0.943916;,
   -0.911747;12.142430;-1.098175;,
   -0.938878;12.341042;-0.894543;,
   -1.064454;12.266170;-0.802252;,
   -0.961196;12.514386;-0.590503;,
   -1.091946;12.425831;-0.526008;,
   -0.953895;12.622310;-0.212700;,
   -1.055559;12.540024;-0.164428;,
   -0.969709;12.641144;0.154157;,
   -1.091350;12.527462;0.178689;,
   -1.004233;12.552006;0.433964;,
   -1.161281;12.443927;0.436247;,
   -1.032236;12.417900;0.588880;,
   -1.233453;12.292408;0.549039;,
   -1.058732;12.289040;0.701972;,
   -1.276016;12.211922;0.614115;,
   -1.074030;12.126243;0.826428;,
   -1.308550;12.112400;0.700398;,
   -1.323782;11.847061;0.736736;,
   -1.298773;11.498005;0.699759;,
   -1.067912;11.851204;0.907765;,
   -1.034549;11.444328;0.915420;,
   -0.769615;11.953877;1.018865;,
   -0.710693;11.447979;1.029069;,
   -0.411527;11.862087;1.113541;,
   -0.368798;11.415958;1.127482;,
   -0.974200;8.722432;0.599295;,
   -1.091201;8.327139;0.685112;,
   -0.772886;8.653190;0.784788;,
   -0.911685;8.219274;0.912236;,
   -0.542161;8.588366;0.958387;,
   -0.638568;8.089447;1.108360;,
   -0.269740;8.550253;1.088849;,
   -0.274395;8.002989;1.232061;,
   -1.283359;11.087841;0.679723;,
   -1.075053;10.501182;0.628114;,
   -0.982201;10.997471;0.892224;,
   -0.883531;10.495533;0.851891;,
   -0.305954;10.484194;1.070911;,
   -0.341188;10.952028;1.124015;,
   -0.603164;10.491257;0.983795;,
   -0.674316;10.968296;1.048083;,
   -0.932142;9.571754;0.570637;,
   -0.939738;9.142591;0.582311;,
   -0.755532;9.562332;0.770315;,
   -0.750410;9.109520;0.770414;,
   -0.521965;9.547121;0.915950;,
   -0.517969;9.074226;0.923662;,
   -0.271341;9.533840;1.040517;,
   -0.263447;9.049772;1.039714;,
   -0.945682;9.459236;-0.986531;,
   -0.944367;9.869158;-1.048928;,
   -0.772539;9.430981;-1.228342;,
   -0.783479;9.851715;-1.290557;,
   -0.559430;9.835018;-1.486004;,
   -0.289923;9.824169;-1.613599;,
   -0.548852;9.404234;-1.424966;,
   -0.286424;9.383545;-1.565850;,
   0.000000;9.810286;-1.735450;,
   0.000000;9.369163;-1.659490;,
   -1.221978;8.722654;-0.668061;,
   -1.093850;9.095320;-0.671461;,
   -1.053757;9.483507;-0.711565;,
   -1.082311;9.876316;-0.779332;,
   -1.106323;11.477898;-1.199802;,
   -0.971553;10.294138;-1.117624;,
   -1.108617;10.305870;-0.858073;,
   -1.021625;10.728075;-1.200388;,
   -1.242652;10.814855;-1.003988;,
   -0.778123;10.282688;-1.326037;,
   -0.822643;10.707134;-1.389717;,
   -0.340049;10.713463;-1.751769;,
   -0.308789;10.264429;-1.683270;,
   -0.610955;10.708395;-1.586626;,
   -0.587126;10.267317;-1.548936;,
   0.000000;10.718014;-1.833794;,
   0.000000;10.255512;-1.789392;,
   -1.211114;11.101911;-1.146914;,
   -1.015856;11.104922;-1.248660;,
   -0.836626;11.118919;-1.403418;,
   -0.616665;11.146066;-1.557079;,
   -0.348533;11.175705;-1.713319;,
   0.000000;11.194346;-1.807508;,
   -1.188489;8.785642;0.435475;,
   -1.087067;9.161841;0.366404;,
   -1.059491;9.564236;0.348485;,
   -1.089148;9.978178;0.360824;,
   -0.967744;10.019373;0.585684;,
   -1.141049;10.412640;0.398389;,
   -1.302349;10.863954;0.490706;,
   -0.786011;10.024805;0.779095;,
   -0.558821;10.016124;0.950841;,
   -0.280083;10.010874;1.041381;,
   -1.362789;8.804378;-0.094422;,
   -1.242539;9.154940;-0.128098;,
   -1.299698;8.764116;-0.377981;,
   -1.191941;9.128223;-0.402044;,
   -1.220384;9.522455;-0.158098;,
   -1.205162;9.887776;-0.175931;,
   -1.150726;9.500298;-0.437017;,
   -1.145703;9.871788;-0.477829;,
   -1.263907;8.409170;0.480432;,
   -1.456182;8.412970;-0.358940;,
   -1.471987;8.445721;-0.054556;,
   -1.223038;8.268286;-0.980103;,
   -1.387190;8.345123;-0.662476;,
   -0.945832;8.203602;-1.263711;,
   -0.612126;8.104364;-1.444883;,
   -0.288563;8.023100;-1.541259;,
   0.000000;8.000672;-1.593895;,
   -1.333973;8.816147;0.191824;,
   -1.409292;8.447420;0.237723;,
   -1.194790;9.164994;0.133480;,
   -1.190680;9.544716;0.118689;,
   -1.176011;9.923212;0.111168;,
   -1.178566;10.291908;0.136412;,
   -1.253785;10.603430;0.207361;,
   -1.333973;8.816147;0.191824;,
   -1.409292;8.447420;0.237723;,
   -1.194790;9.164994;0.133480;,
   -1.190680;9.544716;0.118689;,
   -1.176011;9.923212;0.111168;,
   -1.177789;10.243874;-0.174452;,
   -1.178566;10.291908;0.136412;,
   -1.256891;10.562588;-0.138758;,
   -1.253785;10.603430;0.207361;,
   -1.160618;10.241480;-0.525142;,
   -1.268406;10.543358;-0.590751;,
   -0.738918;12.222180;-1.201437;,
   -0.805174;12.536209;-0.673666;,
   -0.792541;12.390057;-0.967799;,
   -0.773718;12.697670;0.085005;,
   -0.795751;12.672310;-0.242733;,
   -0.817651;12.627575;0.455202;,
   -0.838370;12.517025;0.670051;,
   -0.826485;12.220330;0.856446;,
   -0.856984;12.361828;0.790883;,
   0.000000;11.819981;1.202553;,
   0.000035;11.398310;1.194519;,
   0.000000;10.005586;1.131110;,
   0.000000;9.529667;1.137417;,
   0.000000;9.044042;1.142170;,
   0.000000;8.539116;1.170865;,
   0.000000;8.020206;1.355701;,
   -0.000185;10.474942;1.191857;,
   -0.953895;12.622310;-0.212700;,
   -0.795751;12.672310;-0.242733;,
   -1.055559;12.540024;-0.164428;,
   -1.439503;7.825678;-1.006780;,
   -1.072654;7.798312;-1.378566;,
   -1.515835;7.410779;-1.247137;,
   -1.204616;7.481921;-1.539082;,
   -0.321334;7.560969;-1.853289;,
   0.000000;7.542632;-1.951228;,
   -0.307485;7.008315;-2.222473;,
   0.000000;6.985229;-2.404151;,
   -0.682807;7.660610;-1.673268;,
   -0.720097;7.164358;-1.991409;,
   -1.141030;7.811700;1.073235;,
   -1.423038;7.781313;0.917772;,
   -1.249556;7.445671;1.294729;,
   -1.619914;7.437110;0.945621;,
   -0.859052;7.576603;1.396922;,
   -0.872973;7.027638;1.855559;,
   -0.325443;7.465216;1.560654;,
   -0.272619;6.894610;2.042395;,
   -1.693861;7.629087;-0.734797;,
   -1.563742;7.938084;-0.610439;,
   -1.680143;7.798861;-0.321898;,
   -1.872297;7.436726;-0.378814;,
   -1.735668;7.759975;0.021719;,
   -1.927462;7.345148;0.032687;,
   -1.688514;7.754005;0.389673;,
   -1.916052;7.345882;0.517975;,
   -1.551485;7.774267;0.715565;,
   -1.688514;7.754005;0.389673;,
   -1.916052;7.345882;0.517975;,
   0.000000;7.472055;1.683517;,
   -0.010004;6.868130;2.146549;,
   -1.544928;8.052210;-0.321499;,
   -1.559280;8.086538;-0.013045;,
   -1.528007;8.098522;0.302414;,
   -1.528007;8.098522;0.302414;,
   -1.424008;8.087938;0.594836;,
   -1.276853;8.015420;0.831088;,
   -1.282789;6.858774;1.617097;,
   -1.829512;6.765246;1.188397;,
   -2.198813;6.750656;0.625644;,
   -2.230911;6.816937;0.008026;,
   -2.198813;6.750656;0.625644;,
   -2.192799;6.970894;-0.501058;,
   -1.842080;7.272755;-0.927149;,
   0.000851;10.942182;1.172607;,
   1.018690;11.470470;-1.272212;,
   0.870640;11.515571;-1.383080;,
   1.002254;11.761211;-1.143991;,
   0.870920;11.865074;-1.239607;,
   0.432637;12.046962;-1.427397;,
   0.358648;11.611610;-1.572661;,
   0.687846;12.016606;-1.292703;,
   0.656055;11.586311;-1.500794;,
   0.929843;9.058184;-0.914553;,
   1.050055;8.663780;-0.934797;,
   0.750380;9.021050;-1.150344;,
   0.828727;8.610304;-1.178117;,
   0.271654;8.506316;-1.462664;,
   0.260145;8.956331;-1.458630;,
   0.556337;8.550209;-1.351055;,
   0.517653;8.985090;-1.327990;,
   1.020746;12.074581;-0.943916;,
   0.911747;12.142430;-1.098175;,
   1.091946;12.425831;-0.526008;,
   1.064454;12.266170;-0.802252;,
   0.961196;12.514386;-0.590503;,
   0.938878;12.341042;-0.894543;,
   1.091350;12.527462;0.178689;,
   1.055559;12.540024;-0.164428;,
   0.969709;12.641144;0.154157;,
   0.953895;12.622310;-0.212700;,
   1.161281;12.443927;0.436247;,
   1.004233;12.552006;0.433964;,
   1.233453;12.292408;0.549039;,
   1.032236;12.417900;0.588880;,
   1.308550;12.112400;0.700398;,
   1.276016;12.211922;0.614115;,
   1.074030;12.126243;0.826428;,
   1.058732;12.289040;0.701972;,
   1.323782;11.847061;0.736736;,
   1.067912;11.851204;0.907765;,
   1.298773;11.498005;0.699759;,
   1.034549;11.444328;0.915420;,
   0.372237;11.405045;1.150031;,
   0.710015;11.448914;1.029392;,
   0.411527;11.862087;1.113541;,
   0.769615;11.953877;1.018865;,
   0.974200;8.722432;0.599295;,
   0.772886;8.653190;0.784788;,
   1.091201;8.327139;0.685112;,
   0.911685;8.219274;0.912236;,
   0.542161;8.588366;0.958387;,
   0.269740;8.550253;1.088849;,
   0.638568;8.089447;1.108360;,
   0.319144;8.022565;1.269961;,
   1.283359;11.087841;0.679723;,
   0.982201;10.997471;0.892224;,
   1.075053;10.501182;0.628114;,
   0.883531;10.495533;0.851891;,
   0.305328;10.484516;1.071128;,
   0.602601;10.491417;0.984103;,
   0.345877;10.943295;1.148393;,
   0.673416;10.969439;1.048776;,
   0.932142;9.571754;0.570637;,
   0.755532;9.562332;0.770315;,
   0.939738;9.142591;0.582311;,
   0.750410;9.109520;0.770414;,
   0.521965;9.547121;0.915950;,
   0.271341;9.533840;1.040517;,
   0.517969;9.074226;0.923662;,
   0.263447;9.049772;1.039714;,
   0.945682;9.459236;-0.986531;,
   0.772539;9.430981;-1.228342;,
   0.944367;9.869158;-1.048928;,
   0.783479;9.851715;-1.290557;,
   0.286424;9.383545;-1.565850;,
   0.289923;9.824169;-1.613599;,
   0.548852;9.404234;-1.424966;,
   0.559430;9.835018;-1.486004;,
   1.221978;8.722654;-0.668061;,
   1.093850;9.095320;-0.671461;,
   1.053757;9.483507;-0.711565;,
   1.082311;9.876316;-0.779332;,
   1.106323;11.477898;-1.199802;,
   1.242652;10.814855;-1.003988;,
   1.108617;10.305870;-0.858073;,
   1.021625;10.728075;-1.200388;,
   0.971553;10.294138;-1.117624;,
   0.822643;10.707134;-1.389717;,
   0.778123;10.282688;-1.326037;,
   0.340049;10.713463;-1.751769;,
   0.610955;10.708395;-1.586626;,
   0.308789;10.264429;-1.683270;,
   0.587126;10.267317;-1.548936;,
   1.211114;11.101911;-1.146914;,
   1.015856;11.104922;-1.248660;,
   0.836626;11.118919;-1.403418;,
   0.348533;11.175705;-1.713319;,
   0.616665;11.146066;-1.557079;,
   1.188489;8.785642;0.435475;,
   1.087067;9.161841;0.366404;,
   0.967744;10.019373;0.585684;,
   1.089148;9.978178;0.360824;,
   1.059491;9.564236;0.348485;,
   1.302349;10.863954;0.490706;,
   1.141049;10.412640;0.398389;,
   0.786011;10.024805;0.779095;,
   0.558821;10.016124;0.950841;,
   0.280083;10.010874;1.041381;,
   1.362789;8.804378;-0.094422;,
   1.299698;8.764116;-0.377981;,
   1.242539;9.154940;-0.128098;,
   1.191941;9.128223;-0.402044;,
   1.220384;9.522455;-0.158098;,
   1.150726;9.500298;-0.437017;,
   1.205162;9.887776;-0.175931;,
   1.145703;9.871788;-0.477829;,
   1.263907;8.409170;0.480432;,
   1.471987;8.445721;-0.054556;,
   1.456182;8.412970;-0.358940;,
   1.223038;8.268286;-0.980103;,
   1.387190;8.345123;-0.662476;,
   0.945832;8.203602;-1.263711;,
   0.288563;8.023100;-1.541259;,
   0.612126;8.104364;-1.444883;,
   1.409292;8.447420;0.237723;,
   1.333973;8.816147;0.191824;,
   1.194790;9.164994;0.133480;,
   1.190680;9.544716;0.118689;,
   1.176011;9.923212;0.111168;,
   1.253785;10.603430;0.207361;,
   1.178566;10.291908;0.136412;,
   1.409292;8.447420;0.237723;,
   1.333973;8.816147;0.191824;,
   1.194790;9.164994;0.133480;,
   1.190680;9.544716;0.118689;,
   1.176011;9.923212;0.111168;,
   1.177789;10.243874;-0.174452;,
   1.160618;10.241480;-0.525142;,
   1.256891;10.562588;-0.138758;,
   1.268406;10.543358;-0.590751;,
   0.738918;12.222180;-1.201437;,
   0.792541;12.390057;-0.967799;,
   0.805174;12.536209;-0.673666;,
   0.773718;12.697670;0.085005;,
   0.795751;12.672310;-0.242733;,
   0.817651;12.627575;0.455202;,
   0.838370;12.517025;0.670051;,
   0.856984;12.361828;0.790883;,
   0.826485;12.220330;0.856446;,
   0.953895;12.622310;-0.212700;,
   0.795751;12.672310;-0.242733;,
   1.055559;12.540024;-0.164428;,
   1.204616;7.481921;-1.539082;,
   1.072654;7.798312;-1.378566;,
   1.515835;7.410779;-1.247137;,
   1.439503;7.825678;-1.006780;,
   0.307485;7.008315;-2.222473;,
   0.321334;7.560969;-1.853289;,
   0.720097;7.164358;-1.991409;,
   0.682807;7.660610;-1.673268;,
   1.619914;7.437110;0.945621;,
   1.423038;7.781313;0.917772;,
   1.249556;7.445671;1.294729;,
   1.141030;7.811700;1.073235;,
